1037.7
1046.3
1038.4
1067.8
1098.7
1064.9
1070.1
1037.0
1035.5
1070.9
1102.6
1041.6
1040.6
1046.6
1038.5
1040.0
1047.3
1031.9
1040.3
1040.2
1034.6
1032.1
1076.9
1041.5
1064.3
1102.7
1044.2
1036.8
1031.8
1039.6
1040.7
1045.7
1040.7
1038.1
1035.8
1039.7
1038.5
1042.0
1041.1
1036.3
1052.0
1076.0
1036.0
1041.2
1124.4
1044.2
1048.0
1041.9
1037.0
1045.8
1041.6
1040.3
1037.4
1033.5
1041.7
1043.2
1040.1
1093.8
1037.8
1050.3
1038.9
1037.9
1051.4
1033.2
1037.8
1032.2
1040.9
1036.8
1039.3
1044.2
1043.5
1034.9
1038.2
1066.9
1034.0
1039.9
1037.5
1043.6
1028.6
1033.9
1043.2
1031.6
1039.3
1037.2
1041.6
1037.3
1044.1
1035.1
1048.1
1030.5
1038.2
1039.2
1038.7
1042.7
1067.4
1031.8
1044.4
1039.1
1042.7
1038.7
1048.1
1065.1
1067.0
1038.7
1033.0
1033.1
1031.8
1038.0
1042.5
1035.8
1036.7
1061.3
1037.2
1042.4
1035.7
1042.9
1033.1
1040.9
1035.8
1045.2
1068.1
1039.1
1047.9
1041.0
1036.9
1040.3
1040.3
1045.2
1043.7
1042.0
1042.5
1076.6
1039.4
1068.9
1066.1
1036.2
1030.7
1052.7
1056.2
1063.7
1044.2
1043.3
1034.8
1039.4
1040.0
1047.3
1044.7
1041.7
1066.2
1037.5
1039.1
1039.0
1037.4
1043.1
1041.8
1035.8
1038.4
1036.0
1043.8
1041.5
1036.7
1044.4
1098.2
1041.8
1036.7
1037.4
1039.1
1042.7
1042.2
1040.9
1041.1
1029.4
1042.7
1034.5
1046.9
1031.0
1037.4
1045.5
1040.1
1036.6
1049.1
1037.0
1038.2
1040.7
1039.0
1042.4
1035.8
1041.9
1043.1
1036.3
1042.4
1042.0
1037.7
1036.4
1041.4
1041.4
1045.2
1032.4
1039.9
1043.3
1040.2
1042.3
1073.1
1102.2
1045.0
1043.3
1042.3
1036.6
1036.1
1044.9
1039.0
1035.6
1039.0
1039.3
1034.3
1038.8
1037.2
1041.4
1072.6
1043.5
1040.1
1042.5
1036.1
1035.2
1041.2
1038.8
1042.1
1036.0
1039.1
1066.7
1043.3
1034.2
1033.9
1041.3
1040.4
1035.3
1032.8
1028.7
1035.4
1037.3
1036.1
1068.4
1035.5
1028.4
1044.1
1042.2
1047.9
1064.6
1043.1
1035.5
1041.7
1041.6
1051.0
1048.9
1039.3
1036.7
1035.8
1034.3
1038.7
1043.0
1035.8
1041.3
1048.4
1040.1
1033.5
1038.6
1033.7
1043.5
1039.3
1038.1
1035.8
1039.1
1038.8
1035.7
1049.6
1042.7
1038.8
1040.0
1041.2
1094.9
1040.8
1042.3
1039.2
1041.2
1036.5
1046.0
1041.9
1040.4
1040.1
1071.2
1045.5
1040.8
1038.0
1042.3
1041.9
1038.8
1036.4
1041.4
1044.7
1035.2
1042.8
1043.5
1042.7
1042.1
1043.3
1043.0
1041.6
1044.5
1042.5
1043.5
1031.2
1040.1
1037.2
1044.9
1043.5
1039.6
1043.4
1041.4
1032.9
1039.6
1035.6
1045.4
1094.7
1068.1
1047.2
1046.4
1044.4
1038.3
1046.5
1038.0
1045.8
1043.1
1041.7
1067.7
1065.3
1031.9
1035.0
1042.5
1036.8
1045.5
1046.6
1046.5
1042.4
1043.1
1037.8
1050.9
1049.4
1039.0
1045.9
1044.4
1041.9
1041.4
1035.0
1039.0
1039.8
1048.0
1044.6
1037.2
1041.1
1044.3
1032.8
1040.2
1043.6
1035.1
1034.5
1029.8
1037.4
1126.5
1044.1
1044.6
1033.5
1042.6
1043.1
1041.5
1044.3
1041.2
1039.1
1044.3
1037.1
1040.7
1046.2
1040.7
1048.5
1033.8
1039.4
1043.7
1039.1
1044.6
1044.4
1043.6
1036.5
1041.2
1038.0
1040.7
1030.5
1035.6
1029.0
1038.5
1041.5
1043.6
1040.9
1041.7
1042.6
1040.4
1040.2
1033.8
1043.6
1037.5
1034.4
1035.5
1036.3
1044.1
1032.4
1038.4
1040.5
1042.2
1039.3
1033.8
1029.9
1041.6
1101.5
1035.9
1039.6
1032.9
1038.7
1039.4
1032.6
1040.1
1045.4
1038.5
1035.6
1041.2
1038.9
1043.0