91.0
93.3
94.1
93.2
95.1
98.1
97.2
89.1
92.3
89.2
92.4
97.2
92.0
94.3
94.2
97.4
97.8
95.8
95.5
91.8
95.8
98.4
97.0
96.0
96.8
97.2
97.2
100.2
99.7
98.2
99.4
94.9
92.5
96.5
100.4
94.6
94.8
95.6
95.7
95.0
94.7
99.1
94.5
99.3
96.2
95.9
97.3
97.0
99.8
97.8
101.1
99.6
97.7
100.9
101.7
101.0
100.4
101.1
96.1
99.3
100.0
101.9
100.9
99.8
100.7
102.9
95.7
99.9
97.0
97.0
99.1
101.2
94.6
98.2
99.5
96.5
99.9
95.9
99.4
97.4
98.3
97.1
97.9
97.5
102.7
100.4
100.7
92.7
101.8
97.1
100.7
100.7
102.0
100.2
102.0
98.9
105.1
101.7
99.8
100.3
99.8
100.4
99.8
98.0
99.5
102.7
104.7
99.2
98.1
99.5
105.7
104.4
104.7
100.7
99.6
99.2
103.0
102.2
101.0
99.7
100.3
99.9
98.8
100.9
103.2
102.1
98.2
99.0
104.4
101.3
102.6
104.5
98.0
96.7
102.4
102.4
101.5
102.0
100.5
98.0
102.9
104.1
100.5
102.5
100.5
97.7
99.3
101.1
100.1
102.0
99.1
100.9
101.8
98.9
98.6
95.3
102.2
96.1
98.6
92.4
101.4
98.9
101.0
96.3
98.8
91.8
98.0
93.7
95.6
93.1
96.8
96.1
91.3
95.8
97.6
96.9
99.0
94.7
94.8
95.6
95.2
96.9
95.1
104.6
99.5
101.6
97.6
94.0
96.1
99.4
102.8
100.9
99.0
94.2
100.4
104.2
103.1
105.4
107.9
99.4
100.8
100.7
98.2
98.7
102.3
98.7
98.0
97.5
97.0
97.5
100.0
95.4
93.6
95.4
99.0
102.4
97.4
97.2
96.3
98.8
92.7
94.4
96.1
93.8
98.3
95.4
93.4
97.2
95.9
93.4
100.6
98.1
96.1
96.1
100.9
96.5
95.9
90.4
97.4
99.9
99.4
100.3
100.4
100.6
94.1
94.0
90.8
95.0
93.4
93.9
93.7
97.5
96.5
94.3
93.7
99.9
97.9
101.4
98.9
97.5
98.4
100.4
101.4
100.9
99.0
99.0
100.7
103.2
97.5
100.6
104.5
102.0
101.2
102.6
107.0
99.1
103.4
98.1
99.5
99.3
95.8
101.4
99.5
99.3
98.1
99.8
95.4
94.8
94.3
94.2
97.7
96.4
95.4
95.4
93.5
97.1
94.5
96.2
96.7
93.7
96.6
92.9
94.1
97.3
90.8
98.6
92.0
95.0
94.2
93.6
95.4
92.5
93.7
97.4
97.5
95.0
92.6
95.3
93.8
96.1
96.3
93.1
92.7
94.6
97.3
94.9
94.9
95.8
96.2
99.3
96.4
93.9
95.0
94.9
95.9
90.4
96.9
96.2
97.4
94.6
94.9
92.5
92.9
96.4
93.2
93.6
97.9
95.4
95.9
97.5
96.3
96.3
95.1
94.8
96.8
92.3
94.6
93.3
94.2
95.9
96.9
93.1
95.0
97.9
95.6
93.8
90.6
93.8
92.3
96.1
95.2
93.1
98.5
92.9
90.0
96.5
94.6
94.7
94.6
96.2
93.1
92.7
95.9
95.8
94.2
93.8
98.3
93.4
95.0
96.2
98.1
95.6
95.4
96.0
92.8
98.2
95.1
93.9
94.7
97.8
96.2
97.3
97.2
93.1
95.5
94.8
97.0
94.4
93.1
94.9
95.2
94.5
92.9
96.0
93.3
92.0
92.9
96.4
94.3
92.2
88.1
95.5
95.9
90.4
95.3
96.8
97.0
95.7
95.1
97.6
95.0
98.1
95.0
94.5
94.7
92.7
100.7
95.3
97.1
98.0
96.1
97.2
94.1
95.9
96.2
96.6
95.5
95.2
95.6
96.3
96.6
92.3
96.5
96.0
95.2
93.9
95.1
94.0
97.7
95.3
91.2
95.1
95.0
95.7
97.5
95.7
95.1
96.5
95.0
94.7
96.5
95.5
95.0
101.7
96.0
98.6
93.1
96.1
92.9
95.8
94.1
94.4
96.0
92.6
94.0
91.1
95.2
94.5
94.7
99.5
97.9
94.5
95.8
97.5
95.1
97.5
94.7
93.4
95.1
96.4
92.5
93.5
87.3
97.2
93.9
95.7
95.5
98.6
96.2
96.1
93.5
99.5
97.5
99.8
100.4
100.1
99.4
99.0
96.4
100.6
106.3
99.1
88.7
88.1
93.4
93.6
96.1
96.9
100.5
97.4
101.2
96.2
95.6
93.4
92.0
91.6
97.3
99.5
95.6
91.1
91.9
93.3
95.6
106.8
107.1
102.4
100.4
98.2
89.6
93.4
93.3
93.8
93.5
93.1
92.3
95.7
94.6
95.0
92.4
95.3
92.0
92.4
92.8
96.0
94.5
93.7
97.5
96.5
97.7
99.8
99.1
97.2
93.3
97.4
96.7
98.8
94.2
98.2
94.9
95.6
96.6
94.3
97.0
93.7
96.8
94.7
94.1
92.4
92.8
94.2
94.9
93.6
93.8
96.8
97.8
94.8
95.1
96.6
94.4
96.6
95.4
93.6
96.3
94.6
96.9
96.9
94.9
96.5
97.3
92.9
93.8
92.3
97.0
94.3
93.1
95.9
94.8
98.2
97.3
98.9
95.2
96.6
97.7
97.0
99.5
97.1
93.6
95.6
100.6
94.0
98.0
94.8
98.5
95.9
