122.9
117.1
113.9
111.4
112.3
110.7
126.2
120.4
117.2
122.4
120.4
115.7
111.2
114.0
118.3
117.6
119.8
120.9
121.1
120.4
117.0
116.0
117.8
123.4
119.1
117.7
115.2
114.3
117.0
117.9
116.1
117.3
111.5
113.7
115.5
113.4
111.2
115.8
110.3
113.1
112.6
110.7
112.8
115.0
125.8
121.5
119.7
116.7
127.6
124.5
120.7
124.1
124.0
122.8
124.8
122.6
119.7
118.2
118.2
118.8
120.3
117.6
115.7
115.1
120.0
117.4
114.1
113.4
111.3
105.6
106.1
104.4
102.4
104.2
103.2
99.6
101.5
101.6
99.6
106.8
108.7
110.7
111.9
107.4
112.2
111.5
112.4
110.3
118.9
118.4
104.5
110.4
107.1
110.7
116.2
113.5
111.9
106.7
112.6
112.0
109.8
113.1
108.0
111.6
104.7
105.9
109.0
120.8
112.4
111.1
109.7
116.0
105.6
99.2
103.9
111.8
129.8
110.3
123.6
108.7
119.2
105.3
114.4
122.7
124.4
105.0
120.4
123.1
106.1
115.0
108.8
106.9
107.9
125.2
119.6
129.2
121.2
126.8
114.8
119.0
118.0
1
19.7
123.5
124.7
123.6
126.6
132.6
125.1
127.4
128.6
122.4
128.9
128.2
132.5
128.6
125.9
127.6
128.6
125.0
122.8
124.3
129.9
126.3
119.3
124.7
123.5
120.7
121.8
119.9
119.9
118.0
120.5
120.0
119.9
116.5
122.0
116.0
118.5
113.6
116.5
118.3
118.5
114.9
114.2
111.8
113.7
114.7
113.0
113.2
107.8
115.4
111.4
111.9
112.7
112.1
111.1
110.8
113.7
110.2
108.9
109.2
109.1
108.1
107.1
112.2
109.8
108.0
108.3
109.7
111.5
110.9
116.9
116.3
117.1
118.6
119.2
120.7
125.6
117.6
121.2
124.2
124.3
124.7
124.7
126.8
124.6
129.7
128.7
129.4
132.8
129.5
130.8
130.2
127.1
133.1
127.7
126.2
127.6
127.3
126.1
125.9
127.7
127.1
125.1
133.0
126.6
128.0
129.0
126.8
123.3
124.7
130.5
128.0
127.0
124.4
119.0
126.5
127.6
126.0
127.5
123.6
126.4
123.7
127.3
122.8
124.7
124.5
125.3
125.9
125.3
121.9
123.6
124.5
124.4
124.9
123.8
124.8
123.8
121.9
123.0
120.7
122.4
121.5
120.4
123.4
123.3
124.2
127.1
125.6
125.4
119.6
122.6
124.8
124.2
123.8
121.9
125.2
121.3
122.4
122.8
125.0
123.2
120.5
121.8
123.5
123.2
124.9
121.3
123.4
121.6
121.5
119.9
120.5
120.5
117.2
115.0
120.5
116.1
117.1
118.4
115.0
116.4
118.0
115.7
114.9
116.6
114.2
115.2
116.4
118.1
114.0
116.1
118.8
117.4
113.4
116.4
116.4
120.0
115.5
118.2
118.0
114.7
113.5
109.8
114.3
109.9
112.4
109.0
111.4
113.4
111.5
110.2
108.5
108.0
114.4
106.3
110.4
107.2
109.4
106.0
106.8
105.9
106.1
105.5
107.6
112.4
109.8
109.9
112.6
110.2
113.5
112.6
113.7
115.9
120.1
118.4
120.6
121.3
123.4
126.7
131.7
129.9
124.6
120.9
116.1
118.6
122.8
117.1
123.2
114.5
123.0
117.2
112.2
121.0
116.8
125.1
119.5
114.6
123.0
122.1
116.5
118.4
116.5
125.8
121.7
118.3
117.0
118.4
122.0
114.8
117.8
116.1
107.9
114.5
114.0
119.2
110.8
114.3
114.7
111.2
114.2
109.9
108.1
110.8
109.2
109.7
105.6
110.6
111.8
114.7
109.3
112.7
115.0
108.5
111.6
112.4
106.9
109.5
109.9
112.7
114.5
115.5
109.0
112.2
109.0
115.6
111.5
112.6
115.3
109.2
115.0
110.1
108.9
114.6
112.1
113.2
114.8
111.7
113.2
111.7
106.9
109.5
110.0
109.3
112.8
110.5
113.3
109.5
112.3
110.7
114.4
112.6
113.6
113.8
116.1
111.1
112.1
116.8
113.2
111.6
111.3
112.4
116.8
113.3
115.1
114.1
115.4
114.2
112.1
112.2
114.5
114.8
113.4
116.1
111.1
114.0
116.1
115.5
113.7
117.0
115.4
115.4
118.7
116.4
115.1
114.1
110.7
115.0
115.3
116.9
114.7
114.9
117.2
116.1
116.3
114.2
115.8
115.9
112.1
114.2
114.8
113.4
117.6
114.6
114.5
117.5
115.9
114.3
115.0
113.5
111.5
116.6
111.8
113.4
115.8
115.3
116.2
115.2
116.9
114.5
114.8
112.5
114.8
113.5
114.5
114.7
114.3
115.5
113.2
113.4
113.4
120.0
117.5
113.8
114.8
112.8
115.5
115.6
117.8
113.7
118.2
114.5
116.2
113.1
115.8
110.5
109.5
113.1
106.0
112.0
109.5
106.3
106.7
103.4
100.9
103.3
111.6
108.8
111.6
108.7
110.2
121.8
125.4
121.4
122.3
127.0
123.2
123.4
121.7
124.4
124.4
126.1
133.9
142.1
136.0
117.8
119.8
103.8
98.5
93.5
99.5
97.1
99.4
106.6
107.7
119.6
117.3
119.5
120.8
120.2
115.5
111.1
107.3
108.1
106.1
105.6
105.8
107.4
104.4
101.9
102.8
104.2
112.6
101.7
104.1
113.2
105.3
117.9
163.1
179.8
118.9
110.1
149.7
115.1
106.8
139.7
113.5
112.9
108.2
115.6
122.3
100.7
98.5
98.0
90.3
92.2
110.2
144.0
155.3
131.6
127.8
119.9
122.6
121.5
118.9
117.4
110.2
105.2
105.8
100.2
114.1
131.7
104.5
110.2
111.3
147.4
127.4
114.1
115.5
111.2
108.1
111.7
120.7
114.5
113.3
116.9
112.6
114.8
106.6
120.0
129.7
106.2
118.1
117.8
125.7
94.9
101.2
126.7
125.1
109.7
112.1
110.5
113.8
142.1
155.2
171.2
148.9
112.2
109.6
112.3
106.6
111.2
107.5
111.7
116.0
109.2
113.8
114.8
112.6
111.4
115.1
109.1
110.7
108.6
111.4
111.1
109.2
111.9
113.3
112.5
112.0
113.7
107.6
108.7
111.1
114.2
110.0
114.3
107.7
108.2
106.3
108.6
106.7
107.5
109.7
111.1
113.5
112.8
115.3
111.7
112.6
115.5
114.2
115.5
115.1
114.5
115.7
112.9
114.9
114.5
116.9
117.7
117.3
117.2
112.3
112.0
114.2
113.3
112.4
115.2
120.7
115.5
117.8
118.7
113.5
113.8
116.3
114.3
116.7
115.8
117.5
110.9
114.0
108.4
108.4
113.3
101.8
108.9
107.7
111.1
109.6
106.4
109.9
108.8
109.2
108.5
109.4
109.6
106.9
108.4
110.7
111.0
108.7
111.6
111.8
111.3
107.5
106.8
110.3
107.5
106.5
110.3
111.4
109.6
113.3
109.9
112.6
111.7
109.5
109.3
110.0
114.5
112.4
113.2
117.6
112.5
112.5
118.1
112.1
116.0
115.0
115.4
111.7
113.7
109.8
113.7
115.5
114.7
111.9
105.8
111.2
114.9
112.6
114.3
116.8
110.9
111.8
113.9
109.0
112.9
108.9
113.3
113.5
112.8
111.3
113.7
113.6
112.3
111.3
113.3
113.4
115.6
114.6
112.8
108.9
114.4
111.1
113.4
110.4
113.6
108.8
111.2
112.2
113.9
110.3
111.1
111.3
112.9
113.4
110.0
111.5
111.3
111.1
111.7
113.5
111.5
111.2
112.2
110.0
108.8
111.9
116.0
113.9
112.3
111.8
116.2
115.6
113.7
113.5
113.1
113.7
112.1
112.7
115.5
116.9
114.1
115.8
114.1
112.3
117.6
114.5
116.6
114.8
114.3
115.5
114.7
116.1
113.4
113.2
111.8
114.8
112.1
115.0
114.1
113.4
116.8
110.8
114.3
113.0
114.4
114.1
112.3
113.7
110.3
114.4
113.5
110.5
109.6
114.3
114.9
110.9
110.0
115.2
116.6
116.8
111.8
109.9
111.5
112.9
111.5
113.6
113.5
110.7
110.4
112.4
109.2
113.1
113.4
111.6
111.3
109.3
114.3
112.6
112.0
114.7
111.6
114.1
114.5
107.2
110.5
111.6
110.4
111.9
107.8
108.0
110.1
111.3
107.1
107.7
111.3
111.4
111.6
112.6
113.2
114.7
111.4
113.7
112.9
112.4
113.6
113.8
113.8
113.0
111.9
112.4
112.2
113.1
109.7
114.0
112.6
113.6
111.8
108.5
109.4
109.2
108.0
113.1
113.1
111.6
110.1
112.6
108.8
113.2
110.5
112.9
114.0
110.3
113.2
108.6
107.0
111.3
109.9
112.9
111.8
110.2
107.3
108.2
110.7
109.0
108.2
110.1
110.5
108.3
109.5
113.6
112.0
114.5
112.2
112.4
111.7
109.9
113.5
114.9
115.0
113.7
115.3
115.6
117.3
115.0
114.7
114.5
112.1
108.0
111.2
110.2
111.4
114.1
113.1
114.3
109.4
109.4
111.9
106.7
109.6
109.2
107.4
108.8
108.8
104.4
110.6
110.3
111.2
110.1
107.5
113.0
109.1
112.5
109.6
113.4
111.9
115.2
104.2
106.2
109.4
113.5
113.7
105.7
106.8
111.8
108.5
102.6
105.0
101.5
110.0
114.0
108.6
104.7
104.9
105.3
106.9
109.2
113.0
109.1
109.7
114.7
110.3
114.6
113.4
116.0
112.7
110.4
110.9
116.6
113.5
115.4
116.0
115.1
111.0
116.7
110.2
116.5
114.6
115.5
116.4
117.4
120.8
115.6
112.9
115.2
122.4
120.9
117.6
117.9
110.4
111.0
117.1
119.6
117.6
124.0
121.5
126.1
119.6
120.1
112.3
115.2
126.3
129.3
117.2
123.2
111.4
114.7
114.4
113.5
110.9
114.5
