1535.2
1558.4
1529.5
1524.0
1522.2
1535.8
1532.7
1534.3
1533.1
1538.5
1539.3
1535.2
1531.5
1536.9
1533.7
1536.4
1535.1
1538.5
1538.5
1538.8
1535.1
1542.8
1534.2
1531.5
1537.1
1532.9
1534.9
1538.5
1533.6
1536.9
1534.5
1539.2
1533.6
1530.3
1542.4
1544.4
1548.1
1552.9
1543.7
1539.4
1536.7
1540.9
1531.2
1543.5
1544.2
1541.1
1545.1
1538.0
1542.2
1545.8
1542.8
1544.8
1540.4
1544.8
1547.8
1540.8
1548.3
1543.2
1544.1
1536.5
1537.4
1548.3
1539.8
1542.9
1549.1
1540.7
1540.3
1535.8
1544.7
1540.0
1544.0
1537.8
1544.0
1539.0
1543.6
1538.8
1537.5
1542.5
1531.5
1538.1
1567.9
1542.8
1538.2
1544.7
1549.1
1542.8
1538.8
1541.5
1544.7
1542.2
1536.6
1538.0
1541.3
1542.2
1541.3
1542.2
1545.4
1543.1
1535.6
1536.7
1541.1
1536.8
1532.7
1537.4
1543.1
1539.9
1538.2
1544.0
1542.7
1531.5
1533.7
1538.2
1541.1
1540.9
1538.3
1545.8
1544.9
1541.9
1544.4
1535.1
1535.2
1534.3
1541.0
1543.6
1543.9
1545.2
1538.6
1539.6
1538.3
1544.8
1542.4
1540.0
1542.3
1540.2
1539.2
1536.6
1538.0
1540.6
1539.6
1542.9
1538.7
1538.8
1540.4
1538.8
1543.8
1540.7
1544.0
1546.6
1541.1
1545.5
1542.2
1535.8
1537.0
1538.6
1536.8
1540.0
1538.6
1540.2
1544.3
1540.3
1542.0
1540.2
1541.1
1544.5
1545.5
1535.0
1537.9
1544.4
1540.1
1540.2
1542.4
1542.0
1536.5
1540.2
1543.7
1541.5
1539.9
1543.1
1538.4
1542.0
1537.7
1544.6
1549.1
1546.4
1543.1
1552.1
1542.4
1534.0
1544.3
1542.3
1545.3
1537.4
1542.5
1535.1
1540.9
1546.4
1557.0
1540.5
1528.8
1545.7
1547.0
1547.5
1538.1
1547.2
1543.3
1541.5
1539.4
1546.4
1541.8
1547.6
1547.6
1549.4
1539.8
1538.0
1539.2
1543.9
1538.4
1533.7
1538.8
1537.3
1540.0
1544.5
1545.8
1551.8
1545.7
1548.1
1546.6
1541.8
1539.6
1542.2
1545.5
1541.0
1538.7
1545.6
1551.4
1542.3
1548.1
1528.9
1541.1
1546.3
1548.9
1546.0
1538.4
1543.5
1544.7
1540.1
1546.5
1538.9
1542.3
1545.1
1543.8
1542.3
1542.5
1539.5
1540.4
1541.6
1540.0
1537.5
1545.4
1541.1
1539.9
1541.5
1538.8
1539.2
1544.9
1538.2
1543.5
1543.5
1542.2
1539.1
1546.4
1537.4
1538.0
1538.4
1535.5
1547.5
1548.2
1537.5
1539.4
1545.0
1540.4
1542.3
1543.6
1541.1
1545.7
1541.2
1546.3
1544.1
1543.4
1538.2
1550.4
1538.3
1542.1
1545.6
1545.3
1540.4
1541.7
1546.7
1534.6
1541.2
1532.6
1544.1
1545.8
1543.5
1543.2
1545.5
1545.1
1543.6
1540.6
1542.5
1538.8
1542.3
1546.3
1541.1
1538.3
1545.5
1541.6
1541.7
1535.3
1543.3
1547.5
1541.2
1547.1
1536.3
1539.8
1535.5
1544.0
1544.3
1544.0
1541.3
1546.9
1535.6
1540.7
1541.7
1544.1
1541.9
1544.7
1550.0
1539.0
1541.3
1543.6
1544.5
1551.7
1550.8
1538.0
1542.2
1542.9
1557.8
1550.5
1540.0
1544.5
1540.4
1546.4
1547.6
1543.9
1542.7
1542.8
1545.1
1548.2
1542.6
1544.7
1535.6
1548.2
1536.4
1538.6
1542.4
1542.1
1546.8
1552.1
1540.9
1535.7
1540.1
1546.1
1540.5
1552.3
1544.7
1544.2
1544.4
1546.1
1541.0
1542.6
1539.5
1541.6
1546.5
1540.3
1542.9
1545.6
1548.7
1537.3
1539.8
1535.9
1541.0
1547.9
1537.6
1542.0
1553.0
1538.2
1541.9
1542.8
1540.3
1543.3
1543.7
1535.3
1543.9
1542.7
1546.6
1539.1
1544.5
1539.1
1542.5
1546.7
1541.0
1544.5
1541.7
1544.3
1541.3
1542.6
1541.9
1541.7
1541.7
1538.8
1545.8
1539.9
1540.4
1540.5
1550.7
1541.9
1541.2
1541.9
1543.1
1544.0
1539.5
1542.7
1547.1
1541.8
1546.7
1542.6
1540.6
1541.3
1546.2
1541.9
1547.1
1553.5
1544.5
1544.3
1537.3
1544.8
1546.0
1547.4
1540.0
1545.6
1543.0
1539.2
1541.6
1543.9
1541.1
1533.3
1542.8
1542.6
1541.7
1537.6
1539.7
1542.6
1538.8
1534.1
1541.6
1540.9
1543.5
1540.8
1543.5
1539.9
1539.8
1542.3
1537.5
1548.3
1539.8
1546.3
1545.4
1541.5
1537.1
1539.7
1545.6
1546.0
1543.0
1537.9
1541.7
1544.4
1544.9
1544.5
1537.1
1538.8
1550.2
1547.0
1545.6
1545.1
1539.6
1541.9
1540.7
1540.7
1533.8
1540.0
1551.5
1543.9
1546.3
1543.9
1546.7
1538.5
1542.4
1542.0
1536.9
1540.7
1541.3
1537.3
1539.3
1538.9
1547.0
1536.3
1536.4
1536.2
1536.3
1538.1
1550.1
1539.3
1544.4
1547.6
1548.3
1548.1
1540.7
1540.5
1536.2
1545.5
1534.4
1548.4
1542.0
1547.2
1542.9
1546.2
1538.7
1537.8
1544.3
1537.5
1532.1
1545.2
1541.2
1546.8
1546.2
1538.1
1546.9
1546.3
1541.0
1542.8
1541.8
1544.9
1540.5
1545.0
1543.1
1549.1
1539.9
1546.0
1539.6
1549.3
1540.0
1537.5
1549.5
1546.5
1542.8
1546.9
1537.1
1544.7
1547.1
1543.1
1543.8
1550.5
1541.6
1542.5
1542.0
1548.2
1543.2
1539.9
1540.7
1543.2
1541.6
1545.5
1547.3
1544.5
1548.2
1550.1
1546.8
1543.6
1544.7
1549.1
1547.1
1537.5
1540.9
1546.1
1538.0
1548.8
1536.7
1546.7
1542.3
1543.0
1538.5
1536.7
1545.5
1539.2
1574.0
1537.9
1539.5
1540.3
1536.5
1540.3
1540.3
1540.1
1538.0
1534.5
1543.2
1540.9
1538.9
1549.0
1547.6
1536.9
1535.9
1537.6
1534.7
1535.3
1541.6
1535.6
1546.3
1535.4
1536.1
1539.1
1533.7
1529.0
1535.8
1540.8
1535.7
1540.4
1533.4
1536.4
1541.4
1537.2
1537.8
1542.4
1535.6
1539.2
1532.6
1542.3
1538.2
1533.3
1538.2
1532.4
1534.8
1533.6
1536.8
1540.4
1535.7
1529.7
1535.1
1542.4
1543.3
1540.4
1536.8
1539.7
1544.5
1538.4
1533.5
1538.4
1534.3
1538.3
1537.8
1532.4
1539.9
1540.5
1531.0
1533.4
1536.7
1535.4
1537.2
1536.0
1531.5
1538.1
1534.0
1532.1
1538.6
1535.0
1539.8
1546.9
1540.0
1532.0
1530.3
1538.0
1534.6
1536.6
1533.8
1532.8
1538.7
1538.4
1541.7
1541.0
1536.8
1537.7
1543.5
1542.0
1536.1
1542.1
1536.8
1534.7
1534.6
1544.1
1544.3
1539.6
1542.2
1531.9
1536.5
1537.8
1539.3
1536.0
1538.6
1543.2
1536.3
1534.3
1550.3
1534.6
1536.3
1543.8
1544.9
1542.4
1537.4
1532.7
1538.0
1536.0
1536.3
1534.9
1535.6
1544.0
1542.8
1538.4
1539.1
1539.8
1533.0
1534.8
1539.9
1533.8
1539.8
1537.7
1535.8
1537.9
1539.2
1536.2
1537.9
1536.6
1534.3
1539.4
1533.0
1537.7
1536.3
1536.2
1540.5
1547.0
1541.7
1535.3
1536.5
1536.7
1542.1
1538.3
1542.3
1542.5
1542.1
1540.1
1541.8
1532.6
1535.7
1536.4
1540.3
1541.9
1533.9
1539.8
1545.4
1537.9
1535.2
1539.0
1529.8
1537.8
1541.4
1528.9
1544.2
1533.3
1534.3
1530.4
1533.2
1538.5
1537.9
1539.2
1533.9
1539.2
1538.1
1539.9
1538.2
1533.9
1538.9
1534.5
1542.4
1547.4
1540.1
1539.9
1531.6
1535.2
1542.6
1545.3
1545.0
1535.5
1536.4
1542.5
1535.3
1542.5
1536.1
1540.1
1535.9
1539.3
1544.6
1538.7
1538.5
1538.0
1535.0
1529.5
1535.9
1549.4
1538.6
1539.9
1535.1
1542.2
1533.0
1532.1
1537.7
1536.0
1539.1
1529.8
1530.3
1539.6
1543.5
1538.6
1536.0
1531.5
1542.3
1550.0
1538.4
1538.2
1534.5
1544.7
1533.5
1542.1
1542.2
1534.3
1537.2
1536.7
1537.0
1551.9
1540.0
1534.8
1543.5
