192.6
195.3
194.5
193.3
196.7
204.3
194.9
200.9
199.4
199.3
196.6
197.6
194.7
195.7
193.8
197.4
192.3
196.0
195.3
197.6
195.8
196.2
194.5
193.7
197.6
197.3
195.5
193.1
195.8
198.2
198.4
192.9
198.8
195.3
193.0
194.5
197.2
195.2
198.1
198.5
193.6
195.8
199.6
198.3
200.5
196.9
197.8
197.3
199.6
196.6
198.5
197.1
197.0
199.6
199.7
202.0
197.0
197.5
197.4
203.5
199.5
196.6
198.2
197.2
195.6
200.5
197.2
194.4
195.8
195.1
194.6
194.9
194.0
195.1
194.1
194.7
191.1
191.9
197.8
196.0
195.2
190.8
193.3
196.7
196.2
195.3
196.1
198.3
194.6
199.6
195.1
195.7
197.5
195.5
195.3
201.3
196.5
195.6
196.3
197.9
197.9
193.7
195.0
197.8
195.1
195.8
199.2
197.2
196.9
194.6
194.3
195.9
195.2
197.8
193.8
198.4
195.1
195.4
194.7
195.3
195.7
198.1
197.3
193.9
197.9
198.6
196.5
197.3
198.2
197.1
196.0
199.3
196.1
194.1
197.1
198.4
195.5
193.5
198.6
197.1
197.7
194.3
198.9
194.9
197.6
195.2
197.5
197.6
195.6
196.7
194.8
192.9
198.3
197.0
198.5
199.4
195.9
195.6
195.7
197.7
194.6
197.2
196.4
197.8
192.8
198.5
196.8
196.1
198.8
196.3
197.0
196.7
198.6
196.7
198.0
198.1
199.0
195.7
197.9
198.4
196.2
200.3
198.5
199.2
196.1
197.7
196.5
198.1
197.2
199.1
198.7
199.3
197.7
195.8
195.9
195.9
192.9
198.8
199.6
194.8
196.8
201.9
201.2
199.3
198.5
199.7
197.6
197.9
199.1
199.4
199.0
199.2
193.5
198.0
195.7
200.0
198.2
200.9
197.3
195.7
199.0
194.7
196.9
198.8
199.2
193.7
198.8
197.3
202.4
203.5
197.9
199.3
200.3
199.8
196.4
198.7
201.6
197.7
197.2
198.7
195.9
197.6
196.9
200.6
200.3
200.0
198.6
200.1
198.3
198.9
199.9
197.9
196.1
197.9
198.2
202.2
197.3
199.7
199.9
200.5
198.9
199.4
197.6
194.4
198.3
201.5
199.0
202.2
202.4
199.6
198.5
198.1
197.7
199.5
198.3
200.0
196.3
200.3
198.9
198.6
196.5
198.6
203.5
200.6
199.4
199.3
198.8
198.6
199.8
200.4
199.4
197.9
199.7
202.2
198.4
200.3
196.6
196.1
197.5
197.9
200.6
196.5
197.6
195.8
198.5
202.8
201.0
197.6
201.0
198.2
197.0
198.5
202.2
197.3
200.7
199.7
201.6
200.3
197.6
202.4
199.2
200.1
201.7
201.2
199.7
199.6
203.0
202.3
204.2
197.8
199.3
196.3
196.4
199.1
199.2
197.3
200.3
196.2
199.0
198.6
197.6
196.2
196.6
199.0
199.0
199.8
197.0
199.1
199.0
202.5
202.0
196.0
199.9
196.2
197.3
195.7
197.3
197.4
201.3
195.9
196.3
200.4
195.3
201.1
195.8
197.7
198.4
199.1
196.6
195.6
199.4
195.8
198.8
197.4
197.8
197.7
197.3
196.5
193.6
197.0
198.5
195.2
199.0
198.2
196.6
200.8
200.5
196.6
196.3
199.2
200.7
192.2
195.5
197.3
198.2
195.7
194.7
193.2
196.4
198.0
198.6
195.7
198.2
195.2
198.7
201.5
195.0
200.1
196.5
198.2
198.2
201.2
197.5
199.6
203.1
200.4
200.1
196.5
197.1
201.7
199.0
199.5
200.5
201.0
200.2
202.3
200.7
202.5
204.3
200.0
199.5
203.4
201.1
199.7
199.3
200.6
203.3
197.6
200.8
200.4
202.1
201.7
197.0
202.5
203.2
201.8
201.5
200.5
200.8
204.2
200.9
202.3
203.6
200.3
200.4
203.5
202.3
198.0
202.2
202.4
203.1
203.8
201.3
198.7
200.9
202.8
201.4
203.3
203.7
202.0
199.6
202.5
202.2
197.4
199.6
205.3
202.2
202.0
197.5
201.8
201.5
202.5
202.8
201.9
199.8
202.9
201.5
201.3
201.2
199.5
197.3
202.6
200.5
200.9
202.7
204.9
202.4
203.0
202.9
201.1
199.8
199.1
199.1
201.6
200.4
204.6
201.4
201.0
202.5
197.8
199.4
198.4
200.3
200.3
204.5
200.3
201.9
199.6
200.8
205.7
202.5
198.7
201.7
198.3
196.4
198.4
199.4
198.3
197.4
191.3
200.1
195.2
197.8
197.2
199.0
201.2
200.8
203.1
202.3
203.1
203.2
202.0
201.8
202.3
199.3
205.4
198.2
200.3
203.1
203.3
203.3
201.6
201.7
204.1
203.3
207.5
204.6
203.8
201.8
206.0
201.7
206.1
201.6
204.8
202.2
202.6
201.6
197.9
205.0
203.3
198.9
197.9
196.3
200.4
197.1
198.1
200.0
199.3
199.0
201.0
196.1
197.8
201.0
197.9
197.3
197.4
199.3
198.7
200.7
195.5
200.7
199.2
194.1
199.7
203.7
197.7
197.8
196.7
201.6
198.1
196.8
203.1
200.6
196.3
199.4
194.5
198.3
203.1
202.0
196.2
198.6
196.6
195.7
196.5
201.0
200.6
201.6
202.2
203.0
199.0
204.2
198.1
196.2
197.4
197.0
199.9
203.3
203.4
199.4
198.6
197.6
196.5
199.4
195.2
196.1
201.2
196.5
196.9
201.6
197.8
196.0
199.6
198.6
199.4
199.1
199.3