393.7
91.0
93.3
94.1
93.2
95.1
98.1
97.2
89.1
92.3
89.2
92.4
97.2
92.0
94.3
94.2
97.4
97.8
95.8
95.5
91.8
95.8
98.4
97.0
96.0
96.8
97.2
97.2
100.2
99.7
98.2
99.4
94.9
92.5
96.5
100.4
94.6
94.8
95.6
95.7
95.0
94.7
99.1
94.5
99.3
96.2
95.9
97.3
97.0
99.8
97.8
101.1
99.6
97.7
100.9
101.7
101.0
100.4
101.1
96.1
99.3
100.0
101.9
100.9
99.8
100.7
102.9
95.7
99.9
97.0
97.0
99.1
101.2
94.6
98.2
99.5
96.5
99.9
95.9
99.4
97.4
98.3
97.1
97.9
97.5
102.7
100.4
100.7
92.7
101.8
97.1
100.7
100.7
102.0
100.2
102.0
98.9
105.1
101.7
99.8
100.3
99.8
100.4
99.8
98.0
99.5
102.7
104.7
99.2
98.1
99.5
105.7
104.4
104.7
100.7
99.6
99.2
103.0
102.2
101.0
99.7
100.3
99.9
98.8
100.9
103.2
102.1
98.2
99.0
104.4
101.3
102.6
104.5
98.0
96.7
102.4
102.4
101.5
102.0
100.5
98.0
102.9
104.1
100.5
102.5
100.5
97.7
99.3
101.1
100.1
102.0
99.1
100.9
101.8
98.9
98.6
95.3
102.2
96.1
98.6
92.4
101.4
98.9
101.0
96.3
98.8
91.8
98.0
93.7
95.6
93.1
96.8
96.1
91.3
95.8
97.6
96.9
99.0
94.7
94.8
95.6
95.2
96.9
95.1
104.6
99.5
101.6
97.6
94.0
96.1
99.4
102.8
100.9
99.0
94.2
100.4
104.2
103.1
105.4
107.9
99.4
100.8
100.7
98.2
98.7
102.3
98.7
98.0
97.5
97.0
97.5
100.0
95.4
93.6
95.4
99.0
102.4
97.4
97.2
96.3
98.8
92.7
94.4
96.1
93.8
98.3
95.4
93.4
97.2
95.9
93.4
100.6
98.1
96.1
96.1
100.9
96.5
95.9
90.4
97.4
99.9
99.4
100.3
100.4
100.6
94.1
94.0
90.8
95.0
93.4
93.9
93.7
97.5
96.5
94.3
93.7
99.9
97.9
101.4
98.9
97.5
98.4
100.4
101.4
100.9
99.0
99.0
100.7
103.2
97.5
100.6
104.5
102.0
101.2
102.6
107.0
99.1
103.4
98.1
99.5
99.3
95.8
101.4
99.5
99.3
98.1
99.8
95.4
94.8
94.3
94.2
97.7
96.4
95.4
95.4
93.5
97.1
94.5
96.2
96.7
93.7
96.6
92.9
94.1
97.3
90.8
98.6
92.0
95.0
94.2
93.6
95.4
92.5
93.7
97.4
97.5
95.0
92.6
95.3
93.8
96.1
96.3
93.1
92.7
94.6
97.3
94.9
94.9
95.8
96.2
99.3
96.4
93.9
95.0
94.9
95.9
90.4
96.9
96.2
97.4
94.6
94.9
92.5
92.9
96.4
93.2
93.6
97.9
95.4
95.9
97.5
96.3
96.3
95.1
94.8
96.8
92.3
94.6
93.3
94.2
95.9
96.9
93.1
95.0
97.9
95.6
93.8
90.6
93.8
92.3
96.1
95.2
93.1
98.5
92.9
90.0
96.5
94.6
94.7
94.6
96.2
93.1
92.7
95.9
95.8
94.2
93.8
98.3
93.4
95.0
96.2
98.1
95.6
95.4
96.0
92.8
98.2
95.1
93.9
94.7
97.8
96.2
97.3
97.2
93.1
95.5
94.8
97.0
94.4
93.1
94.9
95.2
94.5
92.9
96.0
93.3
92.0
92.9
96.4
94.3
92.2
88.1
95.5
95.9
90.4
95.3
96.8
97.0
95.7
95.1
97.6
95.0
98.1
95.0
94.5
94.7
92.7
100.7
95.3
97.1
98.0
96.1
97.2
94.1
95.9
96.2
96.6
95.5
95.2
95.6
96.3
96.6
92.3
96.5
96.0
95.2
93.9
95.1
94.0
97.7
95.3
91.2
95.1
95.0
95.7
97.5
95.7
95.1
96.5
95.0
94.7
96.5
95.5
95.0
101.7
96.0
98.6
93.1
96.1
92.9
95.8
94.1
94.4
96.0
92.6
94.0
91.1
95.2
94.5
94.7
99.5
97.9
94.5
95.8
97.5
95.1
97.5
94.7
93.4
95.1
96.4
92.5
93.5
87.3
97.2
93.9
95.7
95.5
98.6
96.2
96.1
93.5
99.5
97.5
99.8
100.4
100.1
99.4
99.0
96.4
100.6
106.3
99.1
88.7
88.1
93.4
93.6
96.1
96.9
100.5
97.4
101.2
96.2
95.6
93.4
92.0
91.6
97.3
99.5
95.6
91.1
91.9
93.3
95.6
106.8
107.1
102.4
100.4
98.2
89.6
93.4
93.3
93.8
93.5
93.1
92.3
95.7
94.6
95.0
92.4
95.3
92.0
92.4
92.8
96.0
94.5
93.7
97.5
96.5
97.7
99.8
99.1
97.2
93.3
97.4
96.7
98.8
94.2
98.2
94.9
95.6
96.6
94.3
97.0
93.7
96.8
94.7
94.1
92.4
92.8
94.2
94.9
93.6
93.8
96.8
97.8
94.8
95.1
96.6
94.4
96.6
95.4
93.6
96.3
94.6
96.9
96.9
94.9
96.5
97.3
92.9
93.8
92.3
97.0
94.3
93.1
95.9
94.8
98.2
97.3
98.9
95.2
96.6
97.7
97.0
99.5
97.1
93.6
95.6
100.6
94.0
98.0
94.8
98.5
95.9
9
Error reading from serial device

────────────────────────────────────────────────────────────────────────────────

Session stopped
    - Press <return> to exit tab
    - Press R to restart session
    - Press S to save terminal output to file

────────────────────────────────────────────────────────────────────────────────

Session stopped
    - Press <return> to exit tab
    - Press R to restart session
    - Press S to save terminal output to file
▒K▒297.5
300.1
302.7
300.7
303.4
300.0
301.3
304.3
301.9
298.6
304.7
301.6
302.9
301.3
301.4
302.8
301.5
301.8
299.5
299.5
304.9
303.8
302.0
303.5
302.9
303.6
304.2
304.3
301.5
302.1
303.9
302.7
301.1
302.9
304.2
302.8
302.7
299.2
299.4
301.7
302.2
303.2
303.2
304.1
301.5
297.9
304.5
302.4
303.1
304.6
300.6
303.2
302.0
302.7
301.6
302.7
301.6
304.5
303.5
301.8
303.2
300.4
302.8
301.8
303.1
302.3
301.0
299.8
302.9
302.3
306.0
306.8
304.2
304.5
303.8
306.4
305.5
302.6
302.7
305.1
301.3
305.5
300.4
302.4
302.3
301.2
303.3
303.3
306.0
304.0
301.0
301.8
302.1
303.2
302.5
306.3
303.2
302.6
305.1
303.6
301.5
301.6
299.9
304.8
302.2
304.5
302.4
301.2
300.7
302.9
307.3
301.6
301.5
303.8
303.4
300.9
304.8
305.4
305.4
304.5
303.4
304.3
301.4
301.2
302.2
303.5
300.2
303.4
303.5
303.5
304.0
303.6
303.9
302.9
307.0
305.5
306.6
305.0
303.2
302.8
299.5
301.7
303.5
301.8
302.7
300.8
301.9
302.2
301.3
304.5
302.1
301.8
303.2
302.5
302.9
301.9
302.6
300.2
300.8
302.7
304.1
303.2
302.2
300.5
301.7
303.7
303.3
306.2
300.5
302.6
304.5
303.0
301.9
300.6
303.2
299.4
305.6
305.6
302.9
303.2
303.1
306.0
302.9
303.1
302.6
303.6
301.7
303.1
302.1
302.5
304.5
306.0
304.2
302.8
302.0
305.2
301.9
301.6
303.3
306.0
299.2
304.5
304.9
303.7
304.5
300.6
302.8
305.1
299.5
301.9
304.4
302.2
300.4
305.7
302.4
302.4
302.8
299.5
298.4
305.3
301.4
298.3
302.4
301.9
301.4
303.8
302.7
303.9
301.9
301.1
301.9
306.7
300.6
299.1
303.4
303.5
301.7
305.3
305.7
304.1
306.9
303.3
299.9
304.3
303.2
298.7
304.9
303.0
303.7
302.4
302.0
303.9
302.7
305.1
302.5
304.8
300.3
301.8
302.3
302.3
304.3
300.9
302.4
305.9
305.6
303.7
302.4
303.6
302.3
306.1
306.2
302.7
301.4
303.8
302.8
305.5
303.8
305.5
300.7
303.4
304.1
299.7
304.7
302.6
300.9
305.2
304.3
305.7
303.7
304.5
303.6
301.2
302.4
308.1
302.0
302.1
300.2
302.8
307.8
303.0
304.2
301.8
300.8
305.3
300.6
308.2
302.0
302.0
301.8
301.3
304.5
301.8
301.4
303.2
301.9
303.0
300.9
300.6
304.5
303.0
301.9
304.6
303.4
302.8
301.2
296.4
307.8
302.3
298.7
304.7
300.4
302.1
301.5
303.2
302.7
302.0
305.2
304.5
301.0
306.4
304.6
302.4
301.4
303.0
306.2
305.0
304.8
301.5
303.1
301.4
299.1
303.8
304.8
301.1
303.1
306.9
303.8
304.2
309.4
301.6
303.5
301.3
303.4
303.5
302.5
303.8
301.9
305.3
303.4
303.9
304.3
301.5
303.0
302.8
302.0
306.3
302.3
305.7
301.6
303.3
300.2
302.9
304.0
304.6
304.4
300.6
303.5
306.6
301.8
302.9
304.0
302.3
299.8
304.7
305.2
305.4
301.9
303.0
303.8
306.8
300.4
303.7
304.0
304.0
301.7
305.8
306.0
301.3
300.9
307.5
307.6
303.0
307.6
308.2
306.1
305.3
306.2
301.0
305.2
304.7
303.9
301.7
301.1
301.5
302.5
299.4
302.5
305.6
304.1
307.3
300.8
301.6
303.9
303.5
306.1
300.9
301.8
303.6
304.5
302.2
299.9
302.9
302.1
304.3
299.6
303.9
300.7
300.7
302.3
305.5
300.1
298.9
301.3
300.7
304.7
304.7
302.5
300.4
302.1
306.8
304.5
303.2
305.2
304.3
305.7
305.3
300.4
301.4
302.6
305.5
304.6
304.7
305.1
304.0
304.9
301.5
302.3
300.8
306.0
301.2
300.6
299.2
302.0
303.1
303.8
300.2
302.9
302.8
299.4
299.3
302.2
308.4
304.2
301.7
308.2
302.5
306.1
300.3
303.0
302.0
303.4
305.8
298.7
304.4
301.2
301.4
302.4
301.3
301.9
305.2
303.9
300.3
303.0
304.6
303.2
305.6
301.1
305.7
302.7
301.7
299.9
301.9
302.1
302.8
302.5
306.3
305.8
304.5
302.6
301.3
301.1
301.1
302.9
305.6
302.8
300.3
300.0
301.5
300.7
301.2
304.2
307.1
301.0
303.4
298.8
298.7
301.6
305.4
299.1
299.8
300.9
301.3
305.9
301.4
298.1
302.2
300.8
307.8
302.5
307.7
303.8
302.6
303.0
302.5
303.2
300.0
304.4
305.2
299.5
303.8
303.7
307.7
304.5
302.9
302.4
301.8
302.1
305.6
298.8
304.1
302.6
301.1
306.0
303.1
300.5
302.8
300.9
303.0
303.5
302.6
301.7
305.7
301.2
301.3
305.0
305.4
305.0
304.1
302.8
301.0
299.0
300.6
301.7
300.9
302.8
301.0
305.0
302.3
305.4
305.2
299.6
295.4
301.9
303.8
300.9
303.4
301.4
301.0
308.0
303.8
302.4
300.5
300.6
302.6
305.1
299.3
299.6
302.1
301.9
301.0
302.2
300.7
303.5
302.8
300.7
304.6
304.2
301.9
303.8
305.4
304.4
303.7
302.2
299.6
302.2
307.5
301.6
305.6
306.6
303.9
305.9
306.4
308.9
303.9
304.5
304.8
302.9
301.9
304.5
300.5
303.9
300.3
304.3
304.8
306.2
306.8
304.9
306.2
301.7
303.1
301.7
303.2
301.1
302.4
298.8
303.8
303.3
304.3
304.2
306.0
300.0
300.9
298.6
301.5
302.5
304.2
300.6
305.4
300.6
301.7
302.3
304.8
304.2
300.1
298.9
299.6
306.2
302.8
302.5
305.0
303.6
302.1
303.7
303.2
304.2
303.9
303.1
304.3
303.9
306.2
302.3
305.4
302.3
301.8
306.9
307.7
303.1
300.1
304.8
301.5
303.9
303.2
305.0
306.2
302.3
302.3
302.4
303.5
303.1
300.2
305.6
305.0
303.7
304.0
302.0
302.6
303.5
304.2
300.3
305.8
302.8
305.4
302.0
303.4
300.7
304.0
301.3
301.1
305.4
303.8
304.7
303.3
307.6
304.0
305.6
307.0
302.8
307.1
308.7
304.6
306.8
303.6
302.4
305.0
300.3
300.3
303.0
305.7
304.6
303.4
304.2
306.1
302.4
305.1
305.9
302.1
300.0
303.7
305.1
301.3
304.9
303.1
305.5
304.4
294.8
305.2
301.3
302.2
301.4
301.0
302.8
300.6
300.5
304.1
296.8
301.5
305.0
303.5
300.3
303.8
299.7
299.1
300.4
302.8
302.5
303.3
304.2
301.1
301.0
302.3
303.9
304.2
305.8
300.4
301.9
303.1
303.1
304.2
301.2
302.7
302.2
304.3
303.3
300.5
301.1
299.4
299.1
306.2
301.6
303.3
300.9
303.6
301.3
303.4
305.3
298.9
301.9
306.4
302.8
300.5
301.3
301.9
303.3
301.3
303.3
303.9
303.7
299.8
303.3
299.5
305.1
303.0
304.1
304.3
302.7
306.5
300.2
303.8
303.5
304.6
301.4

Error reading from serial device

────────────────────────────────────────────────────────────────────────────────

Session stopped
    - Press <return> to exit tab
    - Press R to restart session
    - Press S to save terminal output to file

────────────────────────────────────────────────────────────────────────────────

Session stopped
    - Press <return> to exit tab
    - Press R to restart session
    - Press S to save terminal output to file
+304.9
309.1
304.8
300.5
301.9
307.9
302.4
302.0
307.3
305.2
302.3
301.7
302.0
301.4
305.1
300.7
300.4
302.3
307.4
299.6
307.9
308.4
301.8
308.5
304.3
304.9
306.9
300.9
302.6
303.7
302.7
306.6
306.9
309.6
309.0
306.0
305.3
307.5
308.4
304.2
308.1
300.2
305.8
309.1
303.1
303.0
303.5
305.6
306.5
308.0
301.7
305.8
302.6
307.2
304.7
307.2
303.9
306.0
305.6
304.7
310.9
304.5
303.5
305.7
311.6
304.9
307.4
305.0
306.5
304.1
306.5
308.1
306.2
306.6
303.7
307.0
310.2
302.7
309.9
303.5
302.1
305.4
307.4
309.1
305.8
304.5
302.6
303.8
307.9
306.5
305.1
305.7
302.8
306.1
303.5
306.2
308.0
304.8
303.4
305.4
305.5
304.4
306.6
311.8
305.6
304.1
301.8
307.0
306.4
305.1
311.6
303.5
304.3
308.3
303.1
306.7
311.5
309.4
305.0
304.3
301.3
304.8
309.1
306.3
301.8
307.5
306.9
305.9
306.7
305.2
306.1
307.8
308.8
308.7
305.1
307.6
310.2
304.2
305.7
305.5
310.8
305.3
304.6
308.6
302.6
311.3
312.4
308.3
307.2
309.1
308.0
307.0
307.5
307.3
309.2
306.1
314.8
306.1
307.6
305.1
311.6
305.2
306.1
310.2
302.5
298.8
306.6
306.1
304.9
305.3
303.6
307.1
305.2
301.7
305.2
308.3
302.5
306.9
304.8
306.4
303.5
303.7
301.0
310.2
306.2
303.4
307.2
304.4
304.1
305.2
304.1
307.7
305.6
304.5
302.3
306.2
301.2
301.4
300.7
305.6
308.4
307.3
307.9
304.0
302.8
304.0
303.5
305.9
308.7
305.6
305.1
303.8
302.1
304.1
307.9
303.1
302.3
304.7
307.1
302.1
301.7
306.9
305.4
303.0
300.6
298.8
307.3
307.3
304.3
303.4
301.1
305.0
299.8
300.0
305.7
301.3
303.4
304.0
304.7
302.1
301.7
305.4
307.2
303.5
304.4
308.6
305.7
303.2
306.8
305.5
301.4
306.9
308.2
303.5
307.3
305.1
307.7
305.7
303.2
310.4
307.6
305.8
307.3
310.1
309.0
309.0
307.3
311.4
306.4
304.5
310.6
304.9
305.9
309.8
308.2
310.1
305.5
309.0
307.6
303.8
304.9
301.1
306.5
309.4
306.3
305.5
300.7
306.6
308.7
311.9
306.5
309.5
307.8
307.0
311.9
311.6
306.6
308.4
303.9
306.4
308.9
314.5
308.4
310.2
307.5
306.5
311.6
303.4
309.9
307.7
305.0
302.0
305.1
300.6
307.2
299.1
301.8
305.9
306.9
307.4
308.8
305.3
304.0
308.5
301.1
306.2
303.9
303.8
303.4
307.3
310.4
305.2
306.0
306.7
303.0
300.3
303.1
299.6
302.1
301.6
311.7
303.8
301.5
304.1
302.1
300.5
304.8
302.5
308.6
306.4
305.6
301.3
305.9
301.7
300.7
306.5
308.3
308.9
308.2
305.7
306.5
300.6
309.8
303.5
306.8
303.0
306.0
304.4
298.5
308.4
311.1
306.9
306.5
302.0
301.3
300.8
307.1
304.0
303.0
304.9
311.2
305.9
306.9
300.5
300.2
307.4
305.6
303.7
304.2
301.9
301.3
305.1
305.2
306.1
306.1
302.1
312.6
305.9
304.4
301.5
304.9
304.4
310.2
306.5
307.6
304.4
304.4
301.7
304.5
299.2
308.4
302.3
307.3
305.7
307.6
304.3
304.6
304.7
308.4
300.7
304.9
304.9
309.8
305.4
302.4
306.3
308.6
304.4
305.1
303.3
306.4
305.1
304.7
304.3
308.4
307.9
304.7
308.4
304.4
307.6
305.3
301.9
305.0
310.0
309.3
307.4
306.2
304.6
299.4
306.8
305.9
309.2
306.3
304.0
306.1
312.8
303.8
306.4
307.4
306.9
302.9
308.1
304.9
307.8
307.3
308.0
307.0
307.8
303.7
304.9
306.8
311.3
310.8
310.9
305.6
305.7
304.3
305.1
298.4
304.9
303.7
306.8
305.4
310.6
305.1
308.3
306.1
303.6
304.9
307.7
302.0
303.5
305.6
303.7
305.0
305.6
308.7
302.6
309.3
305.0
301.4
306.8
305.0
309.8
302.9
299.0
304.8
302.1
307.8
306.2
306.4
307.4
308.8
305.6
307.0
306.6
301.5
302.2
306.0
301.4
306.1
305.1
304.8
304.1
305.5
305.9
302.0
306.8
306.4
302.6
302.8
309.7
305.5
307.0
304.3
304.3
306.7
303.2
304.0
306.4
307.3
304.4
311.7
306.6
306.7
304.7
310.5
305.2
311.4
303.0
309.7
305.4
304.4
303.1
302.6
306.7
306.4
306.1
306.4
310.1
305.4
303.8
306.0
310.1
302.7
306.0
308.5
307.2
306.4
310.2
305.4
304.7
302.9
303.6
305.9
304.1
300.5
308.2
306.8
309.3
310.9
304.1
307.5
308.3
305.1
304.7
305.9
305.0
307.2
301.5
307.6
301.1
308.8
303.9
305.8
303.0
303.6
303.7
303.8
304.4
304.5
307.2
304.6
305.9
304.8
302.9
310.5
302.2
303.5
303.6
303.1
307.7
303.3
302.0
306.1
304.4
300.0
312.3
307.3
302.9
310.7
304.5
301.7
309.1
309.6
301.0
309.0
309.2
300.9
311.3
306.8
302.5
300.8
305.2
307.2
308.5
307.7
306.8
305.1
306.1
301.4
312.6
307.8
303.1
304.6
306.5
300.8
307.0
300.6
306.8
306.7
304.3
309.4
307.3
305.9
307.7
300.7
309.5
307.8
308.0
303.6
305.8
298.9
311.0
306.7
306.1
302.9
306.4
307.7
303.6
309.3
313.8
303.0
306.9
306.1
302.6
303.0
301.2
310.0
303.6
304.2
305.4
308.9
301.6
299.4
305.2
305.2
305.0
302.1
304.1
306.3
307.5
304.3
305.5
304.5
306.7
310.0
305.6
307.3
302.6
308.1
303.0
305.4
301.6
308.2
305.2
309.2
304.7
305.7
307.6
302.8
305.9
309.0
302.0
306.3
303.1
305.7
306.0
303.5
304.3
310.5
306.4
307.9
302.8
300.4
309.2
304.3
305.3
303.8
308.4
307.2
304.9
307.6
304.1
303.0
307.2
310.9
302.5
301.8
302.2
305.4
311.3
305.8
309.5
307.9
305.7
305.1
306.9
307.1
306.4
305.2
303.9
304.3
301.9
306.6
307.6
301.1
302.7
307.7
309.7
306.3
307.3
312.3
309.7
309.8
314.2
311.2
314.1
314.3
307.9
309.1
312.3
307.4
311.3
308.7
306.4
309.4
307.2
305.1
308.3
301.9
302.7
308.0
306.3
305.2
304.8
306.5
306.5
300.5
305.0
304.0
304.6
306.9
308.0
309.8
306.4
303.8
310.5
299.7
303.1
301.0
307.1
302.1
300.4
305.9
304.3
303.8
304.1
301.8
305.0
305.2
301.1
303.7
305.0
304.7
306.0
305.9
303.7
306.4
306.5
299.1
308.4
301.3
308.2
303.4
302.6

Error reading from serial device

────────────────────────────────────────────────────────────────────────────────

Session stopped
    - Press <return> to exit tab
    - Press R to restart session
    - Press S to save terminal output to file

────────────────────────────────────────────────────────────────────────────────

Session stopped
    - Press <return> to exit tab
    - Press R to restart session
    - Press S to save terminal output to file
