300.1
302.7
300.7
303.4
300.0
301.3
304.3
301.9
298.6
304.7
301.6
302.9
301.3
301.4
302.8
301.5
301.8
299.5
299.5
304.9
303.8
302.0
303.5
302.9
303.6
304.2
304.3
301.5
302.1
303.9
302.7
301.1
302.9
304.2
302.8
302.7
299.2
299.4
301.7
302.2
303.2
303.2
304.1
301.5
297.9
304.5
302.4
303.1
304.6
300.6
303.2
302.0
302.7
301.6
302.7
301.6
304.5
303.5
301.8
303.2
300.4
302.8
301.8
303.1
302.3
301.0
299.8
302.9
302.3
306.0
306.8
304.2
304.5
303.8
306.4
305.5
302.6
302.7
305.1
301.3
305.5
300.4
302.4
302.3
301.2
303.3
303.3
306.0
304.0
301.0
301.8
302.1
303.2
302.5
306.3
303.2
302.6
305.1
303.6
301.5
301.6
299.9
304.8
302.2
304.5
302.4
301.2
300.7
302.9
307.3
301.6
301.5
303.8
303.4
300.9
304.8
305.4
305.4
304.5
303.4
304.3
301.4
301.2
302.2
303.5
300.2
303.4
303.5
303.5
304.0
303.6
303.9
302.9
307.0
305.5
306.6
305.0
303.2
302.8
299.5
301.7
303.5
301.8
302.7
300.8
301.9
302.2
301.3
304.5
302.1
301.8
303.2
302.5
302.9
301.9
302.6
300.2
300.8
302.7
304.1
303.2
302.2
300.5
301.7
303.7
303.3
306.2
300.5
302.6
304.5
303.0
301.9
300.6
303.2
299.4
305.6
305.6
302.9
303.2
303.1
306.0
302.9
303.1
302.6
303.6
301.7
303.1
302.1
302.5
304.5
306.0
304.2
302.8
302.0
305.2
301.9
301.6
303.3
306.0
299.2
304.5
304.9
303.7
304.5
300.6
302.8
305.1
299.5
301.9
304.4
302.2
300.4
305.7
302.4
302.4
302.8
299.5
298.4
305.3
301.4
298.3
302.4
301.9
301.4
303.8
302.7
303.9
301.9
301.1
301.9
306.7
300.6
299.1
303.4
303.5
301.7
305.3
305.7
304.1
306.9
303.3
299.9
304.3
303.2
298.7
304.9
303.0
303.7
302.4
302.0
303.9
302.7
305.1
302.5
304.8
300.3
301.8
302.3
302.3
304.3
300.9
302.4
305.9
305.6
303.7
302.4
303.6
302.3
306.1
306.2
302.7
301.4
303.8
302.8
305.5
303.8
305.5
300.7
303.4
304.1
299.7
304.7
302.6
300.9
305.2
304.3
305.7
303.7
304.5
303.6
301.2
302.4
308.1
302.0
302.1
300.2
302.8
307.8
303.0
304.2
301.8
300.8
305.3
300.6
308.2
302.0
302.0
301.8
301.3
304.5
301.8
301.4
303.2
301.9
303.0
300.9
300.6
304.5
303.0
301.9
304.6
303.4
302.8
301.2
296.4
307.8
302.3
298.7
304.7
300.4
302.1
301.5
303.2
302.7
302.0
305.2
304.5
301.0
306.4
304.6
302.4
301.4
303.0
306.2
305.0
304.8
301.5
303.1
301.4
299.1
303.8
304.8
301.1
303.1
306.9
303.8
304.2
309.4
301.6
303.5
301.3
303.4
303.5
302.5
303.8
301.9
305.3
303.4
303.9
304.3
301.5
303.0
302.8
302.0
306.3
302.3
305.7
301.6
303.3
300.2
302.9
304.0
304.6
304.4
300.6
303.5
306.6
301.8
302.9
304.0
302.3
299.8
304.7
305.2
305.4
301.9
303.0
303.8
306.8
300.4
303.7
304.0
304.0
301.7
305.8
306.0
301.3
300.9
307.5
307.6
303.0
307.6
308.2
306.1
305.3
306.2
301.0
305.2
304.7
303.9
301.7
301.1
301.5
302.5
299.4
302.5
305.6
304.1
307.3
300.8
301.6
303.9
303.5
306.1
300.9
301.8
303.6
304.5
302.2
299.9
302.9
302.1
304.3
299.6
303.9
300.7
300.7
302.3
305.5
300.1
298.9
301.3
300.7
304.7
304.7
302.5
300.4
302.1
306.8
304.5
303.2
305.2
304.3
305.7
305.3
300.4
301.4
302.6
305.5
304.6
304.7
305.1
304.0
304.9
301.5
302.3
300.8
306.0
301.2
300.6
299.2
302.0
303.1
303.8
300.2
302.9
302.8
299.4
299.3
302.2
308.4
304.2
301.7
308.2
302.5
306.1
300.3
303.0
302.0
303.4
305.8
298.7
304.4
301.2
301.4
302.4
301.3
301.9
305.2
303.9
300.3
303.0
304.6
303.2
305.6
301.1
305.7
302.7
301.7
299.9
301.9
302.1
302.8
302.5
306.3
305.8
304.5
302.6
301.3
301.1
301.1
302.9
305.6
302.8
300.3
300.0
301.5
300.7
301.2
304.2
307.1
301.0
303.4
298.8
298.7
301.6
305.4
299.1
299.8
300.9
301.3
305.9
301.4
298.1
302.2
300.8
307.8
302.5
307.7
303.8
302.6
303.0
302.5
303.2
300.0
304.4
305.2
299.5
303.8
303.7
307.7
304.5
302.9
302.4
301.8
302.1
305.6
298.8
304.1
302.6
301.1
306.0
303.1
300.5
302.8
300.9
303.0
303.5
302.6
301.7
305.7
301.2
301.3
305.0
305.4
305.0
304.1
302.8
301.0
299.0
300.6
301.7
300.9
302.8
301.0
305.0
302.3
305.4
305.2
299.6
295.4
301.9
303.8
300.9
303.4
301.4
301.0
308.0
303.8
302.4
300.5
300.6
302.6
305.1
299.3
299.6
302.1
301.9
301.0
302.2
300.7
303.5
302.8
300.7
304.6
304.2
301.9
303.8
305.4
304.4
303.7
302.2
299.6
302.2
307.5
301.6
305.6
306.6
303.9
305.9
306.4
308.9
303.9
304.5
304.8
302.9
301.9
304.5
300.5
303.9
300.3
304.3
304.8
306.2
306.8
304.9
306.2
301.7
303.1
301.7
303.2
301.1
302.4
298.8
303.8
303.3
304.3
304.2
306.0
300.0
300.9
298.6
301.5
302.5
304.2
300.6
305.4
300.6
301.7
302.3
304.8
304.2
300.1
298.9
299.6
306.2
302.8
302.5
305.0
303.6
302.1
303.7
303.2
304.2
303.9
303.1
304.3
303.9
306.2
302.3
305.4
302.3
301.8
306.9
307.7
303.1
300.1
304.8
301.5
303.9
303.2
305.0
306.2
302.3
302.3
302.4
303.5
303.1
300.2
305.6
305.0
303.7
304.0
302.0
302.6
303.5
304.2
300.3
305.8
302.8
305.4
302.0
303.4
300.7
304.0
301.3
301.1
305.4
303.8
304.7
303.3
307.6
304.0
305.6
307.0
302.8
307.1
308.7
304.6
306.8
303.6
302.4
305.0
300.3
300.3
303.0
305.7
304.6
303.4
304.2
306.1
302.4
305.1
305.9
302.1
300.0
303.7
305.1
301.3
304.9
303.1
305.5
304.4
294.8
305.2
301.3
302.2
301.4
301.0
302.8
300.6
300.5
304.1
296.8
301.5
305.0
303.5
300.3
303.8
299.7
299.1
300.4
302.8
302.5
303.3
304.2
301.1
301.0
302.3
303.9
304.2
305.8
300.4
301.9
303.1
303.1
304.2
301.2
302.7
302.2
304.3
303.3
300.5
301.1
299.4
299.1
306.2
301.6
303.3
300.9
303.6
301.3
303.4
305.3
298.9
301.9
306.4
302.8
300.5
301.3
301.9
303.3
301.3
303.3
303.9
303.7
299.8
303.3
299.5
305.1
303.0
304.1
304.3
302.7
306.5
300.2
303.8
303.5
304.6
301.4