511.0
532.1
503.8
549.3
506.2
522.1
526.0
513.2
522.6
521.3
520.1
554.8
505.0
520.9
528.5
500.0
507.7
513.6
509.3
501.1
505.6
518.1
526.1
509.4
506.0
509.4
503.9
506.2
533.2
538.8
552.0
562.7
531.8
544.9
554.2
532.1
560.4
546.1
568.0
540.3
557.8
554.4
523.3
547.5
553.4
520.4
552.6
562.2
550.4
515.8
549.9
545.5
535.1
533.7
503.7
500.3
533.5
564.4
528.8
553.4
567.1
527.8
545.8
726.3
552.3
532.2
541.0
539.9
548.5
533.1
552.2
525.8
553.2
547.5
528.3
523.7
546.3
538.8
539.8
528.1
552.0
532.8
524.3
551.9
522.5
546.3
525.3
517.8
550.2
507.4
512.3
504.4
502.2
508.8
511.8
505.5
536.2
525.4
534.6
524.5
520.2
524.6
529.3
533.9
507.1
523.1
572.4
520.7
520.2
579.3
514.1
523.3
512.3
510.4
513.3
514.1
512.7
514.6
511.8
516.5
509.6
515.8
505.4
512.3
516.0
512.0
511.9
509.9
514.2
512.4
508.4
515.9
516.7
514.4
515.0
509.3
515.6
512.9
505.5
512.5
516.0
516.8
513.6
511.0
512.3
511.2
510.8
513.9
513.9
508.6
508.8
509.7
520.1
518.3
511.6
517.6
519.1
518.9
518.3
517.6
507.4
511.1
516.7
507.0
511.8
509.9
511.4
512.3
507.7
515.1
513.5
516.4
510.7
511.1
518.8
516.1
505.8
543.9
513.4
510.9
572.6
504.9
502.4
501.9
505.3
502.9
507.4
505.1
507.5
507.4
512.7
512.9
518.1
510.9
509.9
515.7
507.7
528.8
515.8
520.9
503.6
509.6
514.1
531.2
511.4
516.0
525.3
524.4
507.3
512.4
528.9
529.8
511.5
514.1
551.0
509.8
518.0
507.4
522.3
523.4
521.0
509.3
571.9
511.3
517.1
508.9
514.8
512.9
507.5
500.6
518.7
516.0
511.8
519.9
512.9
504.1
536.2
521.9
521.1
511.9
515.4
514.2
514.1
519.4
518.7
514.9
509.7
513.6
515.6
509.2
509.3
506.9
505.5
512.7
516.4
508.1
514.8
512.0
513.7
511.4
516.5
527.0
519.8
518.3
512.7
564.5
509.4
517.3
513.3
509.8
510.5
515.1
521.2
511.9
513.8
520.3
521.9
516.2
514.5
508.3
514.8
526.1
511.8
507.7
517.2
520.8
510.2
514.1
510.4
511.5
517.2
509.8
512.9
511.2
514.1
511.1
512.7
516.4
509.6
515.6
512.6
509.2
516.2
517.0
512.3
516.8
516.2
517.2
520.1
518.7
520.4
519.5
515.0
516.6
512.5
519.8
516.2
516.0
508.2
513.9
517.9
515.4
519.4
516.9
517.1
512.9
527.7
506.4
509.0
518.4
517.4
508.5
513.8
521.0
513.9
512.3
521.2
513.5
511.9
516.9
516.4
507.8
513.6
518.0
510.2
520.6
519.3
519.0
514.1
519.9
519.9
510.1
513.8
516.0
509.6
519.7
519.1
519.4
515.4
512.1
519.5
513.0
515.0
518.0
516.4
522.9
519.6
512.9
518.5
522.2
513.0
517.0
517.0
523.7
519.0
525.7
508.7
515.6
514.7
514.3
517.9
519.1
517.9
515.9
517.1
518.3
523.5
523.8
513.0
519.0
527.3
516.5
517.4
513.7
513.3
508.2
517.9
517.5
514.1
510.3
516.5
520.3
519.3
510.5
521.7
521.0
513.6
515.0
514.8
517.7
519.4
515.4
513.3
517.1
520.2
516.5
519.9
514.5
514.9
517.6
514.0
515.5
516.3
508.9
520.0
516.1
519.2
520.0
516.7
526.9
522.1
520.6
521.3
519.6
521.4
528.2
524.3
518.6
517.8
512.1
514.3
516.4
520.5
522.8
517.3
528.2
524.2
512.1
558.8
516.9
511.7
512.9
509.0
528.8
515.8
510.6
517.1
514.6
514.6
518.0
582.7
511.0
510.2
515.3
519.6
516.9
520.9
577.0
506.6
517.3
510.4
510.5
519.1
511.6
514.0
516.2
616.7
576.1
516.4
511.3
514.3
519.9
516.3
514.3
522.3
516.5
509.4
516.3
579.9
517.6
520.4
523.1
522.0
515.1
513.6
529.0
514.5
517.3
519.8
515.4
516.5
519.9
523.9
514.2
516.3
512.1
520.4
521.5
521.8
522.4
515.5
521.2
523.9
522.5
521.8
517.3
531.0
515.9
524.4
518.2
516.7
517.4
516.4
514.0
517.1
508.7
522.2
512.6
510.8
509.5
516.5
519.7
514.4
508.3
542.3
511.4
511.5
516.0
522.1
517.6
537.8
515.6
510.8
512.9
519.9
519.5
513.9
512.0
520.9
513.3
516.5
506.7
511.7
509.3
512.5
517.2
508.8
516.6
528.2
518.3
503.9
517.9
518.2
534.7
507.8
511.6
515.1
515.1
506.6
510.9
518.0
511.1
517.0
511.5
516.4
517.7
516.4
522.2
518.5
516.9
513.3
512.1
509.0
519.0
515.6
511.5
511.7
512.9
515.5
514.3
516.4
512.3
512.6
512.7
515.1
517.1
511.6
514.4
519.9
508.3
515.8
511.1
522.9
509.6
510.5
521.3
511.1
513.6
517.9
514.6
510.0
509.9
505.7
509.8
507.2
511.1
510.8
516.1
505.2
510.3
509.1
511.3
517.0
516.6
513.9
513.6
514.5
518.0
509.4
505.1
505.5
511.6
513.1
513.7
517.8
505.9
510.9
515.9
512.8
517.6
512.4
513.4
515.9
513.0
511.9
515.2
507.6
515.6
511.3
513.1
510.6
513.7
515.7
513.0
517.4
520.0
512.7
516.7
511.3
513.3
523.6
516.7
525.4
519.6
513.5
516.3
515.1
513.1
514.5
518.3
520.7
508.6
517.9
512.6
514.4
515.5
512.9
517.6
513.7
581.6
512.4
512.5
517.1
514.5
511.7
516.5
515.4
514.3
512.7
510.5
508.7
507.6
514.1
510.7
513.3
512.1
511.2
572.3
519.3
515.5
517.0
512.9
519.1
509.9
511.0
514.4
511.7
516.0
519.8
521.8
517.1
516.6
515.6
512.2
516.5
513.3
511.1
516.5
517.2
513.0
517.5
513.2
512.9
516.0
515.0
517.7
507.6
519.2
515.5
508.9
517.1
511.9
520.9
510.5
516.7
509.5
519.2
519.5
522.7
514.4
527.0
612.3
516.2
512.1
564.6
514.5
515.1
509.0
516.1
517.4
499.6
512.7
513.1
517.6
521.5
564.9
510.1
631.7
512.4
505.1
515.8
573.3
515.9
512.3
544.3
515.7
514.7
518.2
513.9
517.3
514.2
516.6
514.0
521.0
515.1
566.1
517.4
510.3
506.5
513.1
568.0
512.0
510.8
508.6
588.0
512.1
510.9
514.7
517.9
525.4
509.8
523.4
515.4
578.2
511.8
518.8
512.4
534.3
516.4
509.4
513.7
512.0
517.3
520.4
563.2
518.4
511.4
509.6
515.0
518.3
515.6
516.8
518.0
518.0
512.3
510.0
518.2
541.7
519.9
513.9
519.7
516.9
523.8
513.8
509.5
516.1
519.3
512.7
512.9
513.6
506.9
513.6
510.4
515.8
519.5
508.6
517.5
518.0
523.0
518.0
518.5
512.9
518.9
516.0
512.6
521.4
512.8
508.3
513.2
515.4
519.1
513.5
519.1
576.3
511.9
508.7
518.2
512.5
512.1
521.5
519.7
510.4
515.0
512.6
511.1
511.7
516.9
524.9
510.2
615.5
516.1
568.3
511.7
514.9
515.9
516.2
520.9
583.1
519.1
522.2
509.1
520.4
515.4
523.2
516.3
508.1
512.8
518.0
519.7
519.6
519.9
519.4
514.3
508.2
513.8
516.4
520.3
510.8
514.7
565.8
509.8
505.4
506.9
514.4
