
549.9
545.2
545.6
539.8
543.0
542.3
537.9
541.2
541.9
540.5
541.2
540.5
523.5
538.0
538.1
535.1
530.6
539.3
538.0
540.1
544.2
539.4
546.4
545.2
539.6
538.7
548.6
540.7
543.9
545.2
539.7
546.1
543.6
546.7
546.7
539.0
543.5
546.6
545.0
546.3
544.0
540.8
539.0
533.2
534.9
552.6
550.3
549.0
551.8
547.1
551.2
543.9
538.7
529.1
543.4
543.9
544.0
531.7
539.8
528.7
544.7
536.7
548.8
542.9
547.9
547.6
545.6
549.5
550.3
549.5
549.6
548.1
550.9
547.8
538.2
537.5
538.1
548.4
534.6
537.6
537.1
539.1
554.6
543.6
543.9
549.8
550.8
551.7
543.0
550.0
551.8
554.6
549.3
549.3
551.7
542.2
548.5
549.4
545.4
547.6
541.5
545.7
548.3
548.4
544.2
552.7
549.6
553.8
554.6
553.0
545.6
554.2
545.8
543.3
555.1
538.6
545.4
539.2
552.6
543.7
548.7
551.5
544.7
546.9
538.6
544.7
545.1
549.1
551.3
547.8
544.0
557.3
549.0
548.2
557.8
548.0
547.7
544.7
543.1
543.7
549.3
544.8
544.3
541.8
542.9
540.3
541.6
544.5
542.8
547.5
536.4
538.8
537.3
532.7
532.5
535.9
532.3
537.8
539.4
535.6
536.5
540.9
538.6
541.5
539.0
541.9
539.4
541.6
542.2
545.3
547.2
544.6
542.0
544.9
540.3
548.8
551.8
554.6
551.8
551.8
546.1
546.3
549.8
552.0
545.5
551.7
548.2
548.8
549.2
550.4
548.2
551.2
551.4
541.1
549.4
550.7
549.1
548.4
552.9
550.3
551.0
552.1
547.9
548.7
546.8
542.5
543.6
525.7
541.0
532.3
536.3
526.5
531.0
545.9
548.6
550.5
551.5
541.9
546.7
547.3
546.3
545.8
551.3
552.9
548.3
552.4
547.2
551.2
546.9
549.7
549.7
546.4
539.9
548.2
546.8
546.7
545.9
540.1
546.2
541.5
543.1
540.1
551.2
540.9
540.9
536.7
540.7
553.1
545.3
543.8
547.3
548.6
561.1
553.9
550.9
548.0
686.4
592.4
525.8
511.9
529.5
520.8
532.2
557.5
549.1
539.1
550.4
544.5
548.5
553.0
550.8
554.7
540.2
545.8
550.6
546.4
549.7
526.6
530.1
537.4
535.3
533.9
538.5
531.5
534.0
531.9
522.5
539.6
537.3
542.2
547.1
543.6
543.3
548.2
549.1
553.1
550.9
550.9
547.3
547.1
545.8
542.4
535.0
533.5
532.7
533.9
531.7
540.2
528.0
537.1
539.2
537.8
536.8
551.7
550.7
551.6
545.6
550.4
551.6
539.7
549.3
523.5
536.9
530.6
521.1
523.1
524.6
528.3
541.1
543.9
533.6
543.9
545.9
538.2
542.4
539.3
542.8
540.3
539.5
538.5
543.8
546.2
553.4
549.1
543.2
543.7
540.0
534.7
542.3
530.1
523.3
533.8
528.8
538.6
541.4
544.7
550.4
542.3
540.4
549.2
548.7
530.3
535.3
543.7
543.8
542.1
540.2
538.6
540.8
545.3
530.7
530.0
531.3
522.0
528.2
514.7
530.3
529.0
528.2
526.3
526.9
527.7
534.1
534.1
537.1
542.8
546.8
546.8
548.4
542.1
542.8
545.4
550.7
542.1
542.1
546.0
544.1
545.6
545.6
547.7
547.1
542.3
547.5
546.6
545.1
542.4
541.1
535.5
541.0
538.4
543.8
544.5
537.3
534.3
533.0
535.8
535.9
534.9
542.4
545.6
538.2
534.7
535.1
533.7
537.4
538.2
541.1
541.4
548.1
537.4
538.5
534.6
541.1
539.2
533.1
537.2
546.2
536.5
539.6
533.6
542.7
541.3
539.4
530.7
534.2
535.6
533.5
535.5
526.0
534.3
517.2
528.4
529.6
523.7
532.9
541.3
541.2
536.2
536.8
543.5
546.8
546.6
544.5
545.7
547.1
555.5
545.0
547.2
546.4
547.4
548.2
548.5
553.3
550.5
549.2
554.1
553.9
546.9
545.8
552.8
549.8
552.2
551.7
552.4
548.1
555.5
545.4
547.8
539.9
551.6
545.2
548.2
543.0
545.9
556.1
544.1
544.2
543.3
543.0
538.3
537.5
541.0
534.5
532.2
527.3
533.5
531.3
530.4
528.7
532.7
532.8
537.4
526.5
536.4
529.1
521.0
536.0
540.2
535.7
543.9
529.4
533.9
528.1
541.6
520.7
535.5
537.3
533.3
534.2
536.9
534.4
523.2
532.5
535.1
529.4
529.8
528.8
535.9
530.3
530.0
534.2
533.8
535.0
534.8
530.3
539.7
534.3
541.0
533.3
530.5
526.5
523.8
531.9
537.0
528.2
536.9
528.8
525.2
534.0
529.8
522.2
529.7
540.8
542.6
546.5
548.6
545.0
539.5
544.2
546.6
526.6
532.7
538.8
539.2
532.0
542.3
541.0
537.3
546.1
538.0
537.4
530.7
538.6
535.6
537.5
544.7
536.0
527.0
540.4
542.4
534.4
541.7
533.5
527.8
541.6
531.8
528.4
540.3
540.6
538.4
535.8
540.3
531.7
537.2
532.9
537.1
536.6
530.5
541.3
532.3
535.7
531.5
540.2
538.2
536.7
530.1
527.6
534.5
533.8
537.6
534.3
538.4
532.6
538.3
540.6
536.6
534.1
536.3
539.7
539.6
539.0
538.6
535.6
536.1
527.5
541.6
539.3
530.2
534.0
535.7
528.3
535.3
540.3
537.5
533.3
535.3
543.2
540.6
537.6
536.1
530.0
533.5
536.3
534.5
528.9
532.6
544.5
533.5
540.5
538.4
535.5
532.3
536.9
539.9
536.1
537.9
532.0
540.1
531.1
528.5
541.1
531.5
533.9
541.0
533.7
532.3
538.9
534.7
538.8
541.5
535.8
543.2
534.1
533.8
539.9
542.1
542.0
538.9
534.2
530.1
535.5
541.6
541.5
534.0
540.6
531.3
543.6
538.9
535.5
534.2
530.4
532.6
535.2
522.1
531.2
535.7
531.7
539.6
536.2
532.1
587.8
545.8
525.6
521.3
521.4
533.0
514.4
523.7
511.8
542.6
508.6
526.9
496.6
515.3
501.1
505.2
530.0
535.9
531.3
540.9
521.2
528.8
529.0
538.6
531.2
512.2
574.0
539.7
515.5
529.0
538.5
513.3
511.5
503.2
516.9
542.2
552.0
540.9
517.1
535.1
532.5
526.7
504.1
508.5
510.5
532.3
503.0
511.8
525.8
507.3
512.0
507.0
507.6
527.2
509.6
535.0
518.9
514.1
506.5
556.6
522.1
546.0
527.2
506.5
504.4
621.6
518.6
515.9
504.3
498.3
506.4
512.3
532.2
520.8
518.2
515.9
516.3
536.1
527.5
508.8
522.9
522.4
513.7
519.4
518.4
522.2
552.8
550.5
545.5
526.4
549.4
530.1
521.0
547.3
554.0
504.5
508.8
504.6
531.3
540.5
537.9
524.5
528.4
510.1
517.4
537.9
534.6
547.8
521.1
527.3
545.7
556.4
510.9
510.3
529.2
527.9
531.1
519.7
544.2
527.9
520.2
518.0
527.5
512.3
529.8
523.5
533.9
514.5
538.8
526.3
524.9
550.5
537.7
528.4
539.9
525.3
506.1
513.7
537.9
534.6
525.3
625.4
532.3
521.0
523.8
549.7
540.1
525.1
535.8
536.3
599.3
553.0
551.2
497.2
521.3
513.6
525.3
508.9
537.4
539.8
529.3
517.2
520.4
506.0
548.9
505.3
537.7
522.9
541.8
504.3
509.2
533.7
536.4
506.4
515.3
504.4
525.6
527.2
532.3
534.8
513.5
522.8
526.1
509.6
529.2
522.0
529.3
546.9
537.4
525.2
542.3
529.2
536.2
530.2
531.0
500.9
532.1
520.6
531.6
544.3
525.6
530.8
532.8
539.8
537.2
540.5
533.7
538.7
541.0
541.3
539.0
532.9
534.4
526.8
533.6
521.7
523.9
528.5
540.1
531.4
529.1
515.0
527.0
528.7
540.9
513.2
531.5
519.0
533.7
511.3
503.8
531.0
522.8
539.7
545.3
515.8
525.4
552.7
512.6
517.8
524.4
527.8
512.5
527.6
535.6
513.4
524.6
514.0
510.6
528.8
521.6
527.0
499.6
538.5
527.3
530.5
512.8
528.6
517.3
515.5
506.7
512.5
516.4
532.1
530.2
515.1
518.6
518.9
526.7
531.2
531.8
525.9
524.3
542.8
528.3
509.3
522.2
519.1
524.0
515.3
524.6
540.2
524.1
506.0
524.9
527.7
517.9
521.2
527.0
525.9
534.7
528.3
521.9
517.3
507.6
513.3
532.1
525.3
514.4
530.8
518.7
525.6
520.4
537.3
528.2
541.5
507.1
519.0
520.5
531.0
528.1
527.1
515.2
524.7
535.4
526.3
526.2
521.3
518.8
522.6
528.6
516.1
521.1
517.2
517.7
516.5
537.3
518.9
521.5
516.3
515.7
521.6
529.2
525.5
521.2
533.3
535.9
504.7
545.5
536.4
516.9
528.5
528.9
509.6
542.1
527.1
532.8
538.4
534.7
536.8
534.4
516.6
537.6
530.0
519.9
528.6
520.3
530.2
523.3
515.9
527.4
517.5
519.9
536.9
507.6
518.7
535.6
540.2
517.1
524.5
545.5
521.6
522.0
521.2
532.0
518.4
521.7
529.6
530.6
531.2
528.7
526.3
514.5
515.9
511.8
518.3
511.6
524.2
528.3
526.7
530.3
527.4
529.6
524.0
525.9
531.3
521.1
523.5
514.4
535.2
533.1
517.3
538.7
517.4
531.3
535.9
520.4
534.7
531.8
534.9
525.7
533.5
520.5
541.5
521.8
516.4
527.5
541.7
508.8
530.3
515.1
529.0
525.6
505.8
514.3
527.7
542.9
525.3
514.2
524.6
534.4
515.7
542.0
512.8
536.6
518.7
526.2
523.5
526.6
523.6
524.1
508.4
516.2
513.1
513.2
517.3
519.6
522.6
524.8
534.4
529.4
525.1
521.1
538.7
523.0
530.4
531.9
536.0
521.3
541.6
516.3
491.5
522.8
516.1
539.7
506.3
543.6
523.0
521.7
538.5
536.6
521.7
518.7
504.6
525.9
526.3
522.4
528.0
533.5
535.2
528.8
523.4
536.4
533.5
519.1
504.1
527.7
502.6
506.2
533.4
510.6
531.0
519.9
521.2
542.3
521.7
533.7
527.0
506.9
520.0
522.5
513.9
521.0
620.4
530.5
545.2
526.5
524.5
515.9
518.7
531.0
524.7
517.6
531.7
536.0
538.2
540.6
512.0
494.7
529.7
522.6
523.3
513.9
535.9
510.1
513.2
516.4
515.3
530.4
526.5
525.4
516.2
529.9
527.7
523.2
531.2
518.1
518.5
517.9
519.2
517.9
516.7
547.2
509.4
511.6
526.9
521.1
527.9
537.5
528.9
520.2
509.8
523.8
530.4
518.8
539.0
512.9
523.7
527.4
539.9
535.7
514.6
531.1
540.3
532.0
520.6
515.7
541.3
523.2
526.0
528.3
528.1
507.5
524.2
521.6
531.2
522.5
523.2
532.1
531.8
524.5
534.4
532.4
518.5
528.7
517.3
541.2
526.0
516.9
511.4
530.8
525.3
519.5
513.0
532.7
519.1
532.5
532.0
531.9
532.4
526.9
522.1
538.5
516.5
549.5
532.0
525.0
530.3
536.6
534.8
535.0
527.4
543.3
523.2
520.0
538.4
519.2
513.5
526.1
531.7
522.4
531.1
524.6
529.8
511.6
523.7
535.4
521.1
521.1
511.5
519.0
512.2
513.9
525.8
525.8
537.7
545.4
509.6
533.4
529.9
532.5
526.3
521.7
506.3
528.0
539.1
527.2
505.2
512.5
507.4
529.0
540.0
532.9
541.5
523.6
521.5
526.8
520.0
532.5
510.2
507.5
513.9
524.9
533.9
542.0
524.9
523.5
559.3
529.8
511.5
524.8
525.4
532.2
522.1
514.9
523.9
519.5
526.3
532.0
530.2
530.7
506.6
526.1
523.5
522.4
531.9
535.7
525.2
523.7
530.9
519.2
507.8
515.5
515.3
517.9
504.1
519.6
521.1
526.5
526.3
506.0
526.5
518.2
533.8
524.1
509.4
524.0
522.8
517.6
524.7
507.9
518.4
535.8
529.8
514.7
511.4
518.8
507.5
535.1
529.6
517.5
526.0
521.2
518.2
512.7
555.9
528.5
529.5
524.1
512.6
524.3
526.6
522.6
506.0
524.5
525.7
527.0
517.5
531.4
521.7
507.5
518.9
518.0
527.0
499.9
519.9
529.7
533.7
530.9
517.2
511.0
506.4
520.2
537.8
537.5
521.1
513.7
516.3
511.7
529.7
544.1
514.0
513.3
527.5
542.4
538.0
538.1
525.7
520.2
510.9
540.0
525.6
511.4
525.9
509.5
502.6
514.7
518.9
521.6
533.3
518.4
511.6
518.1
523.0
536.9
509.0
508.6
514.7
514.2
521.0
511.9
518.9
513.8
520.1
526.5
539.6
510.2
531.2
524.8
515.6
522.5
537.5
522.5
539.9
517.7
519.3
526.7
516.9
532.5
511.9
522.4
524.3
520.1
527.1
507.3
512.8
515.2
528.0
525.3
523.8
510.0
526.3
524.3
515.9
521.0
517.6
517.3
528.2
541.7
520.7
536.1
529.8
519.4
526.3
529.9
515.3
525.3
505.9
522.0
526.1
538.7
528.4
532.1
544.5
537.4
536.0
508.9
521.0
519.7
532.7
514.5
526.6
519.5
533.9
534.5
513.9
511.2
525.2
554.5
537.6
533.0
526.4
562.1
511.0
531.3
541.0
523.3
522.5
532.8
522.0
529.2
531.9
533.3
525.7
536.8
518.3
521.9
541.2
510.5
522.6
528.4
514.3
552.4
537.1
530.8
517.9
531.3
536.9
516.4
538.2
511.9
520.5
537.0
516.6
523.6
524.4
510.1
536.4
529.2
513.4
500.8
526.1
535.1
513.5
519.8
510.5
513.5
528.8
543.1
512.6
531.7
536.3
533.2
517.2
515.3
529.6
527.0
520.0
524.5
517.2
519.7
515.8
529.9
540.4
515.1
531.9
519.1
527.4
523.1
526.6
516.8
522.2
534.8
515.5
530.6
540.5
507.6
528.7
507.1
524.8
524.2
508.7
549.6
519.7
528.5
507.1
508.4
522.9
528.4
519.7
540.2
520.3
518.6
527.8
516.4
532.0
531.6
512.0
515.7
511.4
523.3
545.9
530.4
539.8
514.8
515.5
512.4
519.0
509.4
520.1
531.5
525.7
526.7
531.0
512.3
516.2
521.8
517.9
536.9
525.8
529.7
534.8
512.5
535.9
537.5
515.7
523.4
532.1
504.6
529.0
540.4
523.1
544.6
508.0
535.9
522.4
523.3
521.9
519.5
521.1
534.6
521.6
537.9
532.5
523.9
539.3
522.4
522.3
540.5
542.5
539.4
520.8
525.5
519.7
523.2
518.7
524.5
510.1
519.0
521.9
514.1
526.3
518.3
527.3
518.0
531.1
518.3
512.8
513.9
531.2
527.7
524.8
505.7
524.4
506.0
537.5
496.9
525.1
515.7
536.2
518.3
519.9
515.5
521.8
529.5
519.5
532.0
539.9
532.0
505.2
520.2
519.8
515.0
533.9
524.5
526.5
526.8
530.9
533.0
520.3
536.5
527.7
540.9
525.9
524.9
522.5
532.4
514.0
512.0
526.6
532.1
538.9
514.6
519.8
503.5
535.2
522.6
522.4
520.5
512.7
516.7
544.1
525.7
512.9
529.2
535.9
500.2
512.1
541.2
511.7
529.1
529.5
530.4
512.9
535.7
501.3
528.4
515.6
506.9
526.5
527.6
518.7
509.8
520.5
527.2
497.0
516.7
532.5
531.8
536.5
514.7
513.4
542.8
524.5
545.2
535.9
509.2
525.0
520.3
520.3
509.9
522.0
527.6
526.6
535.3
509.3
500.4
544.6
509.9
535.2
538.7
486.2
505.6
518.9
504.1
508.0
515.2
534.3
521.5
530.0
526.9
533.2
535.8
529.0
516.8
534.9
503.6
502.0
515.3
506.5
509.8
500.9
515.0
494.7
505.0
516.3
532.5
511.3
550.6
565.7
539.4
539.4
542.9
531.8
532.4
531.6
533.3
536.7
532.9
534.7
547.2
523.4
511.7
529.3
515.7
511.5
505.3
510.9
524.0
511.6
518.4
496.2
536.6
533.1
528.0
512.7
503.7
514.7
510.9
537.4
541.9
546.5
517.8
536.5
537.1
561.4
523.5
543.7
528.9
533.5
530.0
548.0
525.3
534.0
518.9
545.4
530.0
541.9
535.1
539.3
536.7
533.2
535.9
537.5
547.1
553.0
538.6
535.6
546.9
546.0
543.4
537.1
