56.4
57.3
56.4
58.6
55.4
57.0
57.2
55.9
58.4
56.6
58.7
56.4
54.6
55.4
56.4
55.5
52.5
49.9
52.5
55.3
52.0
54.7
49.0
52.8
55.2
50.0
52.7
47.8
54.2
52.1
50.9
58.3
49.1
52.0
50.6
52.1
52.1
48.1
52.1
52.2
56.8
54.6
54.0
47.8
53.1
51.2
51.6
49.4
50.3
48.1
55.6
53.7
52.7
49.8
53.9
50.3
53.9
48.5
54.1
54.2
50.3
52.6
54.3
52.5
51.9
49.6
54.4
52.1
51.1
51.2
50.0
54.0
49.6
51.6
52.2
55.7
49.2
54.3
51.6
54.6
52.0
50.7
49.9
54.9
49.8
51.1
49.9
53.5
50.7
53.7
45.4
51.7
48.5
54.3
54.9
52.9
52.3
51.2
57.6
51.7
54.1
53.9
56.0
49.6
51.4
48.8
56.5
59.3
51.9
48.9
51.8
50.0
49.9
51.0
54.5
51.4
54.2
53.4
56.7
51.1
53.4
55.0
49.8
55.0
52.8
51.6
49.6
53.1
52.1
49.0
52.1
51.6
52.2
57.2
51.7
51.7
57.4
50.9
49.9
50.1
52.0
52.4
53.3
47.7
50.8
47.5
50.0
54.3
49.9
50.8
51.8
50.6
47.3
51.6
52.4
51.9
53.4
53.1
50.9
52.2
53.5
51.6
52.8
52.0
55.8
54.5
55.5
56.9
51.4
54.3
52.7
55.9
55.3
55.6
57.5
53.1
54.5
54.2
57.8
59.0
54.0
56.4
55.0
55.6
54.5
55.1
55.2
59.0
55.3
56.5
57.1
51.1
55.4
56.9
56.0
57.2
58.5
56.5
52.8
55.2
52.3
55.6
57.9
50.8
51.1
53.1
49.3
55.1
54.7
52.6
51.8
49.2
57.1
52.7
51.7
56.3
48.0
60.4
48.6
56.3
59.3
53.3
55.9
50.9
50.1
48.1
48.6
49.0
53.6
58.2
51.1
55.0
52.9
55.1
44.9
52.5
54.3
50.7
55.1
47.1
56.9
48.1
45.0
47.3
57.1
54.1
51.5
56.9
56.1
53.3
55.8
54.5
58.0
50.6
54.1
56.3
52.3
48.1
55.0
51.7
49.8
54.2
52.0
48.9
53.3
49.1
54.7
51.2
49.1
55.9
52.0
47.3
52.8
49.4
54.4
53.6
53.4
48.8
52.6
50.7
51.3
52.7
48.7
47.4
54.7
50.0
48.6
49.8
52.3
50.9
48.9
48.2
48.2
54.8
51.0
48.7
53.2
50.4
52.6
49.1
51.0
53.9
55.0
48.5
50.9
52.3
53.8
52.5
54.6
55.6
53.5
52.5
53.8
53.5
52.3
52.7
51.4
51.0
54.5
55.3
52.6
53.0
52.5
53.4
52.1
52.0
53.9
48.8
51.0
52.2
54.1
52.8
53.2
52.0
52.9
55.1
53.3
53.2
53.0
55.9
52.2
55.5
54.9
54.8
51.5
55.3
55.7
55.5
57.9
52.9
49.7
55.4
53.5
53.5
55.7
49.1
54.4
53.8
53.0
51.2
55.9
50.2
53.0
54.6
57.4
56.0
56.1
53.5
57.4
50.9
53.6
59.0
51.0
56.1
57.8
53.1
53.9
57.8
52.8
53.6
56.7
51.2
50.3
55.4
57.7
55.8
53.9
53.4
54.1
53.7
52.4
49.6
50.1
52.7
53.7
52.7
53.3
51.4
47.7
50.0
48.3
49.3
49.8
52.1
48.1
52.0
52.1
48.6
48.2
50.8
52.0
54.1
48.5
51.1
49.7
48.9
53.4
54.4
52.2
49.0
49.1
53.1
53.6
53.0
51.8
52.0
50.8
53.0
52.2
51.3
53.2
51.0
51.2
51.5
52.6
51.3
55.0
55.0
49.3
49.1
55.2
50.3
49.7
51.7
54.4
54.5
50.2
49.5
50.5
50.0
47.9
50.7
53.4
52.2
49.3
55.9
50.5
51.4
52.7
53.6
55.1
52.0
49.4
51.4
50.3
52.1
51.2
47.1
47.3
47.5
49.5
49.2
43.7
56.8
51.4
50.1
49.2
49.2
55.8
51.8
47.7
50.3
49.1
48.6
57.1
50.0
50.4
53.1
56.4
53.9
54.2
56.2
56.7
55.3
50.9
52.4
52.0
50.2
54.3
54.3
50.0
48.0
55.8
51.5
45.9
54.0
43.4
52.1
54.2
53.1
50.7
53.0
50.0
52.2
55.0
51.9
51.3
53.4
55.1
51.6
44.5
53.9
50.1
55.6
52.9
52.6
48.7
51.2
55.3
50.3
50.3
54.7
51.3
52.4
54.4
53.1
53.0
50.6
53.1
49.6
51.7
51.3
53.8
52.6
50.4
51.4
50.9
52.4
55.7
53.3
51.0
52.0
50.3
49.6
53.3
53.2
56.7
51.5
53.1
50.6
50.7
49.3
52.8
49.0
49.6
54.0
50.4
49.8
51.2
52.5
48.8
51.4
51.9
52.5
54.5
49.6
53.3
50.1
50.4
52.3
52.8
53.8
51.7
55.0
